0
8 1 257 

1
0 2 683 

2
1 11 3 

3
2 4 687 

4
3 13 5 

5
4 6 692 

6
5 15 7 

7
6 57 696 

8
0 10 9 

9
8 16 259 

10
8 19 11 

11
2 10 12 

12
11 21 13 

13
4 12 14 

14
13 23 15 

15
6 14 59 

16
9 18 17 

17
16 24 261 

18
16 27 19 

19
10 18 20 

20
19 29 21 

21
12 20 22 

22
21 31 23 

23
14 22 32 

24
17 26 25 

25
24 109 263 

26
24 115 27 

27
18 26 28 

28
27 124 29 

29
20 28 30 

30
29 126 31 

31
22 30 63 

32
23 62 33 

33
32 34 59 

34
33 61 35 

35
34 36 55 

36
35 46 37 

37
36 38 49 

38
37 44 39 

39
38 592 40 

40
39 41 50 

41
40 584 42 

42
41 43 47 

43
42 577 641 

44
38 600 45 

45
44 89 46 

46
36 45 51 

47
42 643 48 

48
47 50 52 

49
37 50 54 

50
40 48 49 

51
46 90 61 

52
48 645 53 

53
52 54 56 

54
49 53 55 

55
35 54 58 

56
53 647 57 

57
7 56 58 

58
55 57 59 

59
15 33 58 

60
92 61 62 

61
34 51 60 

62
32 60 63 

63
31 62 94 

64
72 65 513 

65
64 66 427 

66
65 75 67 

67
66 68 431 

68
67 77 69 

69
68 70 436 

70
69 79 71 

71
70 121 440 

72
64 74 73 

73
72 80 515 

74
72 83 75 

75
66 74 76 

76
75 85 77 

77
68 76 78 

78
77 87 79 

79
70 78 123 

80
73 82 81 

81
80 88 517 

82
80 91 83 

83
74 82 84 

84
83 93 85 

85
76 84 86 

86
85 95 87 

87
78 86 96 

88
81 90 89 

89
45 88 519 

90
51 88 91 

91
82 90 92 

92
60 91 93 

93
84 92 94 

94
63 93 95 

95
86 94 126 

96
87 127 97 

97
96 98 123 

98
97 125 99 

99
98 100 119 

100
99 110 101 

101
100 102 113 

102
101 108 103 

103
102 308 104 

104
103 105 114 

105
104 303 106 

106
105 107 111 

107
106 299 385 

108
102 312 109 

109
25 108 110 

110
100 109 115 

111
106 387 112 

112
111 114 116 

113
101 114 118 

114
104 112 113 

115
26 110 125 

116
112 389 117 

117
116 118 120 

118
113 117 119 

119
99 118 122 

120
117 391 121 

121
71 120 122 

122
119 121 123 

123
79 97 122 

124
28 125 127 

125
98 115 124 

126
30 95 127 

127
96 124 126 

128
136 129 708 

129
128 130 359 

130
129 139 131 

131
130 132 357 

132
131 141 133 

133
132 134 355 

134
133 143 135 

135
134 185 353 

136
128 138 137 

137
136 144 710 

138
136 147 139 

139
130 138 140 

140
139 149 141 

141
132 140 142 

142
141 151 143 

143
134 142 187 

144
137 146 145 

145
144 152 712 

146
144 155 147 

147
138 146 148 

148
147 157 149 

149
140 148 150 

150
149 159 151 

151
142 150 160 

152
145 154 153 

153
152 231 714 

154
152 239 155 

155
146 154 156 

156
155 247 157 

157
148 156 158 

158
157 255 159 

159
150 158 220 

160
151 219 161 

161
160 162 187 

162
161 218 163 

163
162 164 183 

164
163 174 165 

165
164 166 177 

166
165 172 167 

167
166 483 168 

168
167 169 178 

169
168 485 170 

170
169 171 175 

171
170 487 324 

172
166 481 173 

173
172 188 174 

174
164 173 179 

175
170 326 176 

176
175 178 180 

177
165 178 182 

178
168 176 177 

179
174 190 218 

180
176 328 181 

181
180 182 184 

182
177 181 183 

183
163 182 186 

184
181 330 185 

185
135 184 186 

186
183 185 187 

187
143 161 186 

188
173 189 458 

189
188 190 191 

190
179 189 221 

191
189 192 456 

192
191 209 193 

193
192 194 454 

194
193 203 195 

195
194 196 452 

196
195 197 551 

197
196 204 198 

198
197 199 552 

199
198 206 200 

200
199 201 560 

201
200 208 202 

202
201 249 568 

203
194 210 204 

204
197 203 205 

205
204 212 206 

206
199 205 207 

207
206 214 208 

208
201 207 251 

209
192 221 210 

210
203 209 211 

211
210 215 212 

212
205 211 213 

213
212 223 214 

214
207 213 253 

215
211 222 216 

216
215 217 221 

217
216 218 219 

218
162 179 217 

219
160 217 220 

220
159 219 222 

221
190 209 216 

222
215 220 223 

223
213 222 255 

224
226 225 232 

225
224 743 615 

226
224 741 227 

227
226 228 234 

228
227 739 229 

229
228 230 236 

230
229 737 231 

231
153 230 238 

232
224 617 233 

233
232 234 240 

234
227 233 235 

235
234 236 242 

236
229 235 237 

237
236 238 244 

238
231 237 239 

239
154 238 246 

240
233 619 241 

241
240 242 248 

242
235 241 243 

243
242 244 250 

244
237 243 245 

245
244 246 252 

246
239 245 247 

247
156 246 254 

248
241 621 249 

249
202 248 250 

250
243 249 251 

251
208 250 252 

252
245 251 253 

253
214 252 254 

254
247 253 255 

255
158 223 254 

256
264 257 683 

257
0 256 258 

258
257 267 259 

259
9 258 260 

260
259 269 261 

261
17 260 262 

262
261 271 263 

263
25 262 313 

264
256 266 265 

265
264 272 681 

266
264 275 267 

267
258 266 268 

268
267 277 269 

269
260 268 270 

270
269 279 271 

271
262 270 315 

272
265 274 273 

273
272 280 679 

274
272 283 275 

275
266 274 276 

276
275 285 277 

277
268 276 278 

278
277 287 279 

279
270 278 288 

280
273 282 281 

281
280 366 684 

282
280 372 283 

283
274 282 284 

284
283 377 285 

285
276 284 286 

286
285 383 287 

287
278 286 348 

288
279 347 289 

289
288 290 315 

290
289 346 291 

291
290 292 311 

292
291 302 293 

293
292 294 305 

294
293 300 295 

295
294 401 296 

296
295 297 306 

297
296 393 298 

298
297 299 303 

299
107 298 384 

300
294 409 301 

301
300 316 302 

302
292 301 307 

303
105 298 304 

304
303 306 308 

305
293 306 310 

306
296 304 305 

307
302 318 346 

308
103 304 309 

309
308 310 312 

310
305 309 311 

311
291 310 314 

312
108 309 313 

313
263 312 314 

314
311 313 315 

315
271 289 314 

316
301 317 493 

317
316 318 319 

318
307 317 351 

319
317 320 491 

320
319 337 321 

321
320 322 488 

322
321 331 323 

323
322 324 487 

324
171 323 325 

325
324 332 326 

326
175 325 327 

327
326 334 328 

328
180 327 329 

329
328 336 330 

330
184 329 352 

331
322 338 332 

332
325 331 333 

333
332 340 334 

334
327 333 335 

335
334 342 336 

336
329 335 379 

337
320 351 338 

338
331 337 339 

339
338 343 340 

340
333 339 341 

341
340 350 342 

342
335 341 381 

343
339 349 344 

344
343 345 351 

345
344 346 347 

346
290 307 345 

347
288 345 348 

348
287 347 349 

349
343 348 350 

350
341 349 383 

351
318 337 344 

352
330 378 353 

353
135 352 354 

354
353 369 355 

355
133 354 356 

356
355 362 357 

357
131 356 358 

358
357 360 359 

359
129 358 707 

360
358 705 361 

361
360 363 362 

362
356 361 367 

363
361 703 364 

364
363 365 368 

365
364 700 366 

366
281 365 371 

367
362 368 369 

368
364 367 370 

369
354 367 374 

370
368 371 373 

371
366 370 372 

372
282 371 376 

373
370 374 375 

374
369 373 378 

375
373 376 380 

376
372 375 377 

377
284 376 382 

378
352 374 379 

379
336 378 380 

380
375 379 381 

381
342 380 382 

382
377 381 383 

383
286 350 382 

384
299 392 385 

385
107 384 386 

386
385 395 387 

387
111 386 388 

388
387 397 389 

389
116 388 390 

390
389 399 391 

391
120 390 441 

392
384 394 393 

393
297 392 400 

394
392 403 395 

395
386 394 396 

396
395 405 397 

397
388 396 398 

398
397 407 399 

399
390 398 443 

400
393 402 401 

401
295 400 408 

402
400 411 403 

403
394 402 404 

404
403 413 405 

405
396 404 406 

406
405 415 407 

407
398 406 416 

408
401 410 409 

409
300 408 494 

410
408 500 411 

411
402 410 412 

412
411 505 413 

413
404 412 414 

414
413 511 415 

415
406 414 476 

416
407 475 417 

417
416 418 443 

418
417 474 419 

419
418 420 439 

420
419 430 421 

421
420 422 433 

422
421 428 423 

423
422 529 424 

424
423 425 434 

425
424 521 426 

426
425 427 431 

427
65 426 512 

428
422 537 429 

429
428 444 430 

430
420 429 435 

431
67 426 432 

432
431 434 436 

433
421 434 438 

434
424 432 433 

435
430 446 474 

436
69 432 437 

437
436 438 440 

438
433 437 439 

439
419 438 442 

440
71 437 441 

441
391 440 442 

442
439 441 443 

443
399 417 442 

444
429 445 545 

445
444 446 447 

446
435 445 479 

447
445 448 547 

448
447 465 449 

449
448 450 549 

450
449 459 451 

451
450 452 551 

452
195 451 453 

453
452 460 454 

454
193 453 455 

455
454 462 456 

456
191 455 457 

457
456 464 458 

458
188 457 480 

459
450 466 460 

460
453 459 461 

461
460 468 462 

462
455 461 463 

463
462 470 464 

464
457 463 507 

465
448 479 466 

466
459 465 467 

467
466 471 468 

468
461 467 469 

469
468 478 470 

470
463 469 509 

471
467 477 472 

472
471 473 479 

473
472 474 475 

474
418 435 473 

475
416 473 476 

476
415 475 477 

477
471 476 478 

478
469 477 511 

479
446 465 472 

480
458 506 481 

481
172 480 482 

482
481 497 483 

483
167 482 484 

484
483 490 485 

485
169 484 486 

486
485 488 487 

487
171 323 486 

488
321 486 489 

489
488 491 490 

490
484 489 495 

491
319 489 492 

492
491 493 496 

493
316 492 494 

494
409 493 499 

495
490 496 497 

496
492 495 498 

497
482 495 502 

498
496 499 501 

499
494 498 500 

500
410 499 504 

501
498 502 503 

502
497 501 506 

503
501 504 508 

504
500 503 505 

505
412 504 510 

506
480 502 507 

507
464 506 508 

508
503 507 509 

509
470 508 510 

510
505 509 511 

511
414 478 510 

512
427 520 513 

513
64 512 514 

514
513 523 515 

515
73 514 516 

516
515 525 517 

517
81 516 518 

518
517 527 519 

519
89 518 601 

520
512 522 521 

521
425 520 528 

522
520 531 523 

523
514 522 524 

524
523 533 525 

525
516 524 526 

526
525 535 527 

527
518 526 603 

528
521 530 529 

529
423 528 536 

530
528 539 531 

531
522 530 532 

532
531 541 533 

533
524 532 534 

534
533 543 535 

535
526 534 605 

536
529 538 537 

537
428 536 544 

538
536 558 539 

539
530 538 540 

540
539 567 541 

541
532 540 542 

542
541 575 543 

543
534 542 607 

544
537 545 559 

545
444 544 546 

546
545 547 556 

547
447 546 548 

548
547 549 554 

549
449 548 550 

550
549 551 552 

551
196 451 550 

552
198 550 553 

553
552 554 560 

554
548 553 555 

555
554 556 562 

556
546 555 557 

557
556 559 564 

558
538 559 566 

559
544 557 558 

560
200 553 561 

561
560 562 568 

562
555 561 563 

563
562 564 570 

564
557 563 565 

565
564 566 572 

566
558 565 567 

567
540 566 574 

568
202 561 569 

569
568 570 621 

570
563 569 571 

571
570 572 627 

572
565 571 573 

573
572 574 633 

574
567 573 575 

575
542 574 638 

576
578 577 584 

577
43 576 640 

578
576 649 579 

579
578 580 586 

580
579 657 581 

581
580 582 588 

582
581 665 583 

583
582 639 590 

584
41 576 585 

585
584 586 592 

586
579 585 587 

587
586 588 594 

588
581 587 589 

589
588 590 596 

590
583 589 591 

591
590 608 598 

592
39 585 593 

593
592 594 600 

594
587 593 595 

595
594 596 602 

596
589 595 597 

597
596 598 604 

598
591 597 599 

599
598 635 606 

600
44 593 601 

601
519 600 602 

602
595 601 603 

603
527 602 604 

604
597 603 605 

605
535 604 606 

606
599 605 607 

607
543 606 637 

608
591 634 609 

609
608 610 639 

610
609 611 747 

611
610 629 612 

612
611 613 744 

613
612 622 614 

614
613 615 743 

615
225 614 616 

616
615 623 617 

617
232 616 618 

618
617 625 619 

619
240 618 620 

620
619 627 621 

621
248 569 620 

622
613 628 623 

623
616 622 624 

624
623 631 625 

625
618 624 626 

626
625 633 627 

627
571 620 626 

628
622 630 629 

629
611 628 634 

630
628 636 631 

631
624 630 632 

632
631 638 633 

633
573 626 632 

634
608 629 635 

635
599 634 636 

636
630 635 637 

637
607 636 638 

638
575 632 637 

639
583 609 749 

640
577 648 641 

641
43 640 642 

642
641 651 643 

643
47 642 644 

644
643 653 645 

645
52 644 646 

646
645 655 647 

647
56 646 697 

648
640 650 649 

649
578 648 656 

650
648 659 651 

651
642 650 652 

652
651 661 653 

653
644 652 654 

654
653 663 655 

655
646 654 699 

656
649 658 657 

657
580 656 664 

658
656 667 659 

659
650 658 660 

660
659 669 661 

661
652 660 662 

662
661 671 663 

663
654 662 672 

664
657 666 665 

665
582 664 750 

666
664 756 667 

667
658 666 668 

668
667 761 669 

669
660 668 670 

670
669 767 671 

671
662 670 732 

672
663 731 673 

673
672 674 699 

674
673 730 675 

675
674 676 695 

676
675 686 677 

677
676 678 689 

678
677 684 679 

679
273 678 680 

680
679 681 690 

681
265 680 682 

682
681 683 687 

683
1 256 682 

684
281 678 685 

685
684 700 686 

686
676 685 691 

687
3 682 688 

688
687 690 692 

689
677 690 694 

690
680 688 689 

691
686 702 730 

692
5 688 693 

693
692 694 696 

694
689 693 695 

695
675 694 698 

696
7 693 697 

697
647 696 698 

698
695 697 699 

699
655 673 698 

700
365 685 701 

701
700 702 703 

702
691 701 735 

703
363 701 704 

704
703 721 705 

705
360 704 706 

706
705 715 707 

707
359 706 708 

708
128 707 709 

709
708 716 710 

710
137 709 711 

711
710 718 712 

712
145 711 713 

713
712 720 714 

714
153 713 736 

715
706 722 716 

716
709 715 717 

717
716 724 718 

718
711 717 719 

719
718 726 720 

720
713 719 763 

721
704 735 722 

722
715 721 723 

723
722 727 724 

724
717 723 725 

725
724 734 726 

726
719 725 765 

727
723 733 728 

728
727 729 735 

729
728 730 731 

730
674 691 729 

731
672 729 732 

732
671 731 733 

733
727 732 734 

734
725 733 767 

735
702 721 728 

736
714 762 737 

737
230 736 738 

738
737 753 739 

739
228 738 740 

740
739 746 741 

741
226 740 742 

742
741 744 743 

743
225 614 742 

744
612 742 745 

745
744 747 746 

746
740 745 751 

747
610 745 748 

748
747 749 752 

749
639 748 750 

750
665 749 755 

751
746 752 753 

752
748 751 754 

753
738 751 758 

754
752 755 757 

755
750 754 756 

756
666 755 760 

757
754 758 759 

758
753 757 762 

759
757 760 764 

760
756 759 761 

761
668 760 766 

762
736 758 763 

763
720 762 764 

764
759 763 765 

765
726 764 766 

766
761 765 767 

767
670 734 766 

