0
3 35 1 

1
0 4 34 

2
7 1031 3 

3
0 2 1030 

4
1 11 5 

5
4 6 10 

6
5 2735 7 

7
2 6 2734 

8
11 47 9 

9
8 12 46 

10
5 15 11 

11
4 8 10 

12
9 19 13 

13
12 14 18 

14
13 2751 15 

15
10 14 2750 

16
19 55 17 

17
16 20 54 

18
13 23 19 

19
12 16 18 

20
17 27 21 

21
20 22 26 

22
21 2771 23 

23
18 22 2770 

24
27 63 25 

25
24 28 62 

26
21 31 27 

27
20 24 26 

28
25 231 29 

29
28 30 230 

30
29 2787 31 

31
26 30 2786 

32
37 43 33 

33
32 34 42 

34
1 33 35 

35
0 34 38 

36
39 67 37 

37
32 36 66 

38
35 1039 39 

39
36 38 1038 

40
43 79 41 

41
40 44 78 

42
33 47 43 

43
32 40 42 

44
41 51 45 

45
44 46 50 

46
9 45 47 

47
8 42 46 

48
51 87 49 

49
48 52 86 

50
45 55 51 

51
44 48 50 

52
49 59 53 

53
52 54 58 

54
17 53 55 

55
16 50 54 

56
59 95 57 

57
56 60 94 

58
53 63 59 

59
52 56 58 

60
57 239 61 

61
60 62 238 

62
25 61 63 

63
24 58 62 

64
69 75 65 

65
64 66 74 

66
37 65 67 

67
36 66 70 

68
71 99 69 

69
64 68 98 

70
67 1047 71 

71
68 70 1046 

72
75 111 73 

73
72 76 110 

74
65 79 75 

75
64 72 74 

76
73 83 77 

77
76 78 82 

78
41 77 79 

79
40 74 78 

80
83 119 81 

81
80 84 118 

82
77 87 83 

83
76 80 82 

84
81 91 85 

85
84 86 90 

86
49 85 87 

87
48 82 86 

88
91 127 89 

89
88 92 126 

90
85 95 91 

91
84 88 90 

92
89 131 93 

93
92 94 130 

94
57 93 95 

95
56 90 94 

96
101 107 97 

97
96 98 106 

98
69 97 99 

99
68 98 102 

100
103 437 101 

101
96 100 436 

102
99 1055 103 

103
100 102 1054 

104
107 461 105 

105
104 108 460 

106
97 111 107 

107
96 104 106 

108
105 115 109 

109
108 110 114 

110
73 109 111 

111
72 106 110 

112
115 497 113 

113
112 116 496 

114
109 119 115 

115
108 112 114 

116
113 123 117 

117
116 118 122 

118
81 117 119 

119
80 114 118 

120
123 505 121 

121
120 124 504 

122
117 127 123 

123
116 120 122 

124
121 255 125 

125
124 126 254 

126
89 125 127 

127
88 122 126 

128
131 251 129 

129
128 132 250 

130
93 135 131 

131
92 128 130 

132
129 139 133 

133
132 134 138 

134
133 237 135 

135
130 134 236 

136
139 247 137 

137
136 140 246 

138
133 143 139 

139
132 136 138 

140
137 147 141 

141
140 142 146 

142
141 221 143 

143
138 142 220 

144
147 187 145 

145
144 148 186 

146
141 151 147 

147
140 144 146 

148
145 155 149 

149
148 150 154 

150
149 197 151 

151
146 150 196 

152
155 179 153 

153
152 156 178 

154
149 159 155 

155
148 152 154 

156
153 2371 157 

157
156 158 2370 

158
157 161 159 

159
154 158 160 

160
159 163 161 

161
158 160 164 

162
167 201 163 

163
160 162 200 

164
161 2339 165 

165
164 166 2338 

166
165 169 167 

167
162 166 168 

168
167 171 169 

169
166 168 172 

170
175 189 171 

171
168 170 188 

172
169 2311 173 

173
172 174 2310 

174
173 2567 175 

175
170 174 2566 

176
181 2403 177 

177
176 178 2402 

178
153 177 179 

179
152 178 182 

180
183 357 181 

181
176 180 356 

182
179 185 183 

183
180 182 184 

184
183 205 185 

185
182 184 186 

186
145 185 187 

187
144 186 206 

188
171 193 189 

189
170 188 190 

190
189 2575 191 

191
190 194 2574 

192
195 203 193 

193
188 192 202 

194
191 209 195 

195
192 194 208 

196
151 199 197 

197
150 196 200 

198
203 217 199 

199
196 198 216 

200
163 197 201 

201
162 200 202 

202
193 201 203 

203
192 198 202 

204
207 361 205 

205
184 204 360 

206
187 245 207 

207
204 206 244 

208
195 213 209 

209
194 208 210 

210
209 2583 211 

211
210 214 2582 

212
215 219 213 

213
208 212 218 

214
211 225 215 

215
212 214 224 

216
199 221 217 

217
198 216 218 

218
213 217 219 

219
212 218 222 

220
143 223 221 

221
142 216 220 

222
219 233 223 

223
220 222 232 

224
215 229 225 

225
214 224 226 

226
225 2591 227 

227
226 230 2590 

228
231 235 229 

229
224 228 234 

230
29 227 231 

231
28 228 230 

232
223 237 233 

233
222 232 234 

234
229 233 235 

235
228 234 238 

236
135 239 237 

237
134 232 236 

238
61 235 239 

239
60 236 238 

240
243 369 241 

241
240 244 368 

242
247 249 243 

243
240 242 248 

244
207 241 245 

245
206 244 246 

246
137 245 247 

247
136 242 246 

248
243 253 249 

249
242 248 250 

250
129 249 251 

251
128 250 254 

252
255 377 253 

253
248 252 376 

254
125 251 255 

255
124 252 254 

256
259 291 257 

257
256 260 290 

258
263 2055 259 

259
256 258 2054 

260
257 267 261 

261
260 262 266 

262
261 1711 263 

263
258 262 1710 

264
267 303 265 

265
264 268 302 

266
261 271 267 

267
260 264 266 

268
265 275 269 

269
268 270 274 

270
269 1727 271 

271
266 270 1726 

272
275 311 273 

273
272 276 310 

274
269 279 275 

275
268 272 274 

276
273 283 277 

277
276 278 282 

278
277 1747 279 

279
274 278 1746 

280
283 319 281 

281
280 284 318 

282
277 287 283 

283
276 280 282 

284
281 487 285 

285
284 286 486 

286
285 1763 287 

287
282 286 1762 

288
293 299 289 

289
288 290 298 

290
257 289 291 

291
256 290 294 

292
295 323 293 

293
288 292 322 

294
291 2063 295 

295
292 294 2062 

296
299 335 297 

297
296 300 334 

298
289 303 299 

299
288 296 298 

300
297 307 301 

301
300 302 306 

302
265 301 303 

303
264 298 302 

304
307 343 305 

305
304 308 342 

306
301 311 307 

307
300 304 306 

308
305 315 309 

309
308 310 314 

310
273 309 311 

311
272 306 310 

312
315 351 313 

313
312 316 350 

314
309 319 315 

315
308 312 314 

316
313 495 317 

317
316 318 494 

318
281 317 319 

319
280 314 318 

320
325 331 321 

321
320 322 330 

322
293 321 323 

323
292 322 326 

324
327 355 325 

325
320 324 354 

326
323 2071 327 

327
324 326 2070 

328
331 367 329 

329
328 332 366 

330
321 335 331 

331
320 328 330 

332
329 339 333 

333
332 334 338 

334
297 333 335 

335
296 330 334 

336
339 375 337 

337
336 340 374 

338
333 343 339 

339
332 336 338 

340
337 347 341 

341
340 342 346 

342
305 341 343 

343
304 338 342 

344
347 383 345 

345
344 348 382 

346
341 351 347 

347
340 344 346 

348
345 387 349 

349
348 350 386 

350
313 349 351 

351
312 346 350 

352
357 363 353 

353
352 354 362 

354
325 353 355 

355
324 354 358 

356
181 359 357 

357
180 352 356 

358
355 2079 359 

359
356 358 2078 

360
205 363 361 

361
204 360 364 

362
353 367 363 

363
352 360 362 

364
361 371 365 

365
364 366 370 

366
329 365 367 

367
328 362 366 

368
241 371 369 

369
240 368 372 

370
365 375 371 

371
364 368 370 

372
369 379 373 

373
372 374 378 

374
337 373 375 

375
336 370 374 

376
253 379 377 

377
252 376 380 

378
373 383 379 

379
372 376 378 

380
377 507 381 

381
380 382 506 

382
345 381 383 

383
344 378 382 

384
387 511 385 

385
384 388 510 

386
349 391 387 

387
348 384 386 

388
385 395 389 

389
388 390 394 

390
389 493 391 

391
386 390 492 

392
395 503 393 

393
392 396 502 

394
389 399 395 

395
388 392 394 

396
393 403 397 

397
396 398 402 

398
397 477 399 

399
394 398 476 

400
403 443 401 

401
400 404 442 

402
397 407 403 

403
396 400 402 

404
401 411 405 

405
404 406 410 

406
405 453 407 

407
402 406 452 

408
411 435 409 

409
408 412 434 

410
405 415 411 

411
404 408 410 

412
409 1235 413 

413
412 414 1234 

414
413 417 415 

415
410 414 416 

416
415 419 417 

417
414 416 420 

418
423 457 419 

419
416 418 456 

420
417 1215 421 

421
420 422 1214 

422
421 425 423 

423
418 422 424 

424
423 427 425 

425
422 424 428 

426
431 445 427 

427
424 426 444 

428
425 1199 429 

429
428 430 1198 

430
429 1543 431 

431
426 430 1542 

432
437 1251 433 

433
432 434 1250 

434
409 433 435 

435
408 434 438 

436
101 439 437 

437
100 432 436 

438
435 441 439 

439
436 438 440 

440
439 461 441 

441
438 440 442 

442
401 441 443 

443
400 442 462 

444
427 449 445 

445
426 444 446 

446
445 1551 447 

447
446 450 1550 

448
451 459 449 

449
444 448 458 

450
447 465 451 

451
448 450 464 

452
407 455 453 

453
406 452 456 

454
459 473 455 

455
452 454 472 

456
419 453 457 

457
418 456 458 

458
449 457 459 

459
448 454 458 

460
105 463 461 

461
104 440 460 

462
443 501 463 

463
460 462 500 

464
451 469 465 

465
450 464 466 

466
465 1559 467 

467
466 470 1558 

468
471 475 469 

469
464 468 474 

470
467 481 471 

471
468 470 480 

472
455 477 473 

473
454 472 474 

474
469 473 475 

475
468 474 478 

476
399 479 477 

477
398 472 476 

478
475 489 479 

479
476 478 488 

480
471 485 481 

481
470 480 482 

482
481 1567 483 

483
482 486 1566 

484
487 491 485 

485
480 484 490 

486
285 483 487 

487
284 484 486 

488
479 493 489 

489
478 488 490 

490
485 489 491 

491
484 490 494 

492
391 495 493 

493
390 488 492 

494
317 491 495 

495
316 492 494 

496
113 499 497 

497
112 496 500 

498
503 509 499 

499
496 498 508 

500
463 497 501 

501
462 500 502 

502
393 501 503 

503
392 498 502 

504
121 507 505 

505
120 504 508 

506
381 511 507 

507
380 504 506 

508
499 505 509 

509
498 508 510 

510
385 509 511 

511
384 506 510 

512
515 547 513 

513
512 516 546 

514
519 2835 515 

515
512 514 2834 

516
513 523 517 

517
516 518 522 

518
517 1439 519 

519
514 518 1438 

520
523 559 521 

521
520 524 558 

522
517 527 523 

523
516 520 522 

524
521 531 525 

525
524 526 530 

526
525 1431 527 

527
522 526 1430 

528
531 567 529 

529
528 532 566 

530
525 535 531 

531
524 528 530 

532
529 539 533 

533
532 534 538 

534
533 1423 535 

535
530 534 1422 

536
539 575 537 

537
536 540 574 

538
533 543 539 

539
532 536 538 

540
537 743 541 

541
540 542 742 

542
541 1415 543 

543
538 542 1414 

544
549 555 545 

545
544 546 554 

546
513 545 547 

547
512 546 550 

548
551 579 549 

549
544 548 578 

550
547 2843 551 

551
548 550 2842 

552
555 591 553 

553
552 556 590 

554
545 559 555 

555
544 552 554 

556
553 563 557 

557
556 558 562 

558
521 557 559 

559
520 554 558 

560
563 599 561 

561
560 564 598 

562
557 567 563 

563
556 560 562 

564
561 571 565 

565
564 566 570 

566
529 565 567 

567
528 562 566 

568
571 607 569 

569
568 572 606 

570
565 575 571 

571
564 568 570 

572
569 751 573 

573
572 574 750 

574
537 573 575 

575
536 570 574 

576
581 587 577 

577
576 578 586 

578
549 577 579 

579
548 578 582 

580
583 611 581 

581
576 580 610 

582
579 2851 583 

583
580 582 2850 

584
587 623 585 

585
584 588 622 

586
577 591 587 

587
576 584 586 

588
585 595 589 

589
588 590 594 

590
553 589 591 

591
552 586 590 

592
595 631 593 

593
592 596 630 

594
589 599 595 

595
588 592 594 

596
593 603 597 

597
596 598 602 

598
561 597 599 

599
560 594 598 

600
603 639 601 

601
600 604 638 

602
597 607 603 

603
596 600 602 

604
601 643 605 

605
604 606 642 

606
569 605 607 

607
568 602 606 

608
613 619 609 

609
608 610 618 

610
581 609 611 

611
580 610 614 

612
615 925 613 

613
608 612 924 

614
611 2859 615 

615
612 614 2858 

616
619 957 617 

617
616 620 956 

618
609 623 619 

619
608 616 618 

620
617 627 621 

621
620 622 626 

622
585 621 623 

623
584 618 622 

624
627 989 625 

625
624 628 988 

626
621 631 627 

627
620 624 626 

628
625 635 629 

629
628 630 634 

630
593 629 631 

631
592 626 630 

632
635 1021 633 

633
632 636 1020 

634
629 639 635 

635
628 632 634 

636
633 883 637 

637
636 638 882 

638
601 637 639 

639
600 634 638 

640
643 879 641 

641
640 644 878 

642
605 647 643 

643
604 640 642 

644
641 651 645 

645
644 646 650 

646
645 749 647 

647
642 646 748 

648
651 875 649 

649
648 652 874 

650
645 655 651 

651
644 648 650 

652
649 659 653 

653
652 654 658 

654
653 733 655 

655
650 654 732 

656
659 699 657 

657
656 660 698 

658
653 663 659 

659
652 656 658 

660
657 667 661 

661
660 662 666 

662
661 709 663 

663
658 662 708 

664
667 691 665 

665
664 668 690 

666
661 671 667 

667
660 664 666 

668
665 1935 669 

669
668 670 1934 

670
669 673 671 

671
666 670 672 

672
671 675 673 

673
670 672 676 

674
679 713 675 

675
672 674 712 

676
673 1943 677 

677
676 678 1942 

678
677 681 679 

679
674 678 680 

680
679 683 681 

681
678 680 684 

682
687 701 683 

683
680 682 700 

684
681 1951 685 

685
684 686 1950 

686
685 1299 687 

687
682 686 1298 

688
693 1927 689 

689
688 690 1926 

690
665 689 691 

691
664 690 694 

692
695 753 693 

693
688 692 752 

694
691 697 695 

695
692 694 696 

696
695 717 697 

697
694 696 698 

698
657 697 699 

699
656 698 718 

700
683 705 701 

701
682 700 702 

702
701 1307 703 

703
702 706 1306 

704
707 715 705 

705
700 704 714 

706
703 721 707 

707
704 706 720 

708
663 711 709 

709
662 708 712 

710
715 729 711 

711
708 710 728 

712
675 709 713 

713
674 712 714 

714
705 713 715 

715
704 710 714 

716
719 761 717 

717
696 716 760 

718
699 873 719 

719
716 718 872 

720
707 725 721 

721
706 720 722 

722
721 1315 723 

723
722 726 1314 

724
727 731 725 

725
720 724 730 

726
723 737 727 

727
724 726 736 

728
711 733 729 

729
710 728 730 

730
725 729 731 

731
724 730 734 

732
655 735 733 

733
654 728 732 

734
731 745 735 

735
732 734 744 

736
727 741 737 

737
726 736 738 

738
737 1323 739 

739
738 742 1322 

740
743 747 741 

741
736 740 746 

742
541 739 743 

743
540 740 742 

744
735 749 745 

745
734 744 746 

746
741 745 747 

747
740 746 750 

748
647 751 749 

749
646 744 748 

750
573 747 751 

751
572 748 750 

752
693 755 753 

753
692 752 756 

754
759 1835 755 

755
752 754 1834 

756
753 763 757 

757
756 758 762 

758
757 765 759 

759
754 758 764 

760
717 763 761 

761
716 760 884 

762
757 887 763 

763
756 760 762 

764
759 767 765 

765
758 764 768 

766
771 1827 767 

767
764 766 1826 

768
765 839 769 

769
768 770 838 

770
769 773 771 

771
766 770 772 

772
771 775 773 

773
770 772 776 

774
779 1819 775 

775
772 774 1818 

776
773 815 777 

777
776 778 814 

778
777 781 779 

779
774 778 780 

780
779 783 781 

781
778 780 784 

782
787 1811 783 

783
780 782 1810 

784
781 791 785 

785
784 786 790 

786
785 2207 787 

787
782 786 2206 

788
791 819 789 

789
788 792 818 

790
785 795 791 

791
784 788 790 

792
789 799 793 

793
792 794 798 

794
793 2211 795 

795
790 794 2210 

796
799 827 797 

797
796 800 826 

798
793 803 799 

799
792 796 798 

800
797 807 801 

801
800 802 806 

802
801 2243 803 

803
798 802 2242 

804
807 835 805 

805
804 808 834 

806
801 811 807 

807
800 804 806 

808
805 999 809 

809
808 810 998 

810
809 2275 811 

811
806 810 2274 

812
815 843 813 

813
812 816 842 

814
777 819 815 

815
776 812 814 

816
813 823 817 

817
816 818 822 

818
789 817 819 

819
788 814 818 

820
823 851 821 

821
820 824 850 

822
817 827 823 

823
816 820 822 

824
821 831 825 

825
824 826 830 

826
797 825 827 

827
796 822 826 

828
831 859 829 

829
828 832 858 

830
825 835 831 

831
824 828 830 

832
829 1007 833 

833
832 834 1006 

834
805 833 835 

835
804 830 834 

836
839 887 837 

837
836 840 886 

838
769 843 839 

839
768 836 838 

840
837 847 841 

841
840 842 846 

842
813 841 843 

843
812 838 842 

844
847 863 845 

845
844 848 862 

846
841 851 847 

847
840 844 846 

848
845 855 849 

849
848 850 854 

850
821 849 851 

851
820 846 850 

852
855 895 853 

853
852 856 894 

854
849 859 855 

855
848 852 854 

856
853 1015 857 

857
856 858 1014 

858
829 857 859 

859
828 854 858 

860
865 891 861 

861
860 862 890 

862
845 861 863 

863
844 862 866 

864
867 869 865 

865
860 864 868 

866
863 885 867 

867
864 866 884 

868
865 871 869 

869
864 868 872 

870
875 877 871 

871
868 870 876 

872
719 869 873 

873
718 872 874 

874
649 873 875 

875
648 870 874 

876
871 881 877 

877
870 876 878 

878
641 877 879 

879
640 878 882 

880
883 889 881 

881
876 880 888 

882
637 879 883 

883
636 880 882 

884
761 867 885 

885
866 884 886 

886
837 885 887 

887
762 836 886 

888
881 891 889 

889
880 888 892 

890
861 895 891 

891
860 888 890 

892
889 1023 893 

893
892 894 1022 

894
853 893 895 

895
852 890 894 

896
899 907 897 

897
896 900 906 

898
903 929 899 

899
896 898 928 

900
897 2975 901 

901
900 902 2974 

902
901 2463 903 

903
898 902 2462 

904
909 2967 905 

905
904 906 2966 

906
897 905 907 

907
896 906 910 

908
911 915 909 

909
904 908 914 

910
907 937 911 

911
908 910 936 

912
917 2959 913 

913
912 914 2958 

914
909 913 915 

915
908 914 918 

916
919 923 917 

917
912 916 922 

918
915 945 919 

919
916 918 944 

920
925 2951 921 

921
920 922 2950 

922
917 921 923 

923
916 922 926 

924
613 927 925 

925
612 920 924 

926
923 953 927 

927
924 926 952 

928
899 933 929 

929
898 928 930 

930
929 2471 931 

931
930 934 2470 

932
935 939 933 

933
928 932 938 

934
931 961 935 

935
932 934 960 

936
911 941 937 

937
910 936 938 

938
933 937 939 

939
932 938 942 

940
943 947 941 

941
936 940 946 

942
939 969 943 

943
940 942 968 

944
919 949 945 

945
918 944 946 

946
941 945 947 

947
940 946 950 

948
951 955 949 

949
944 948 954 

950
947 977 951 

951
948 950 976 

952
927 957 953 

953
926 952 954 

954
949 953 955 

955
948 954 958 

956
617 959 957 

957
616 952 956 

958
955 985 959 

959
956 958 984 

960
935 965 961 

961
934 960 962 

962
961 2479 963 

963
962 966 2478 

964
967 971 965 

965
960 964 970 

966
963 993 967 

967
964 966 992 

968
943 973 969 

969
942 968 970 

970
965 969 971 

971
964 970 974 

972
975 979 973 

973
968 972 978 

974
971 1001 975 

975
972 974 1000 

976
951 981 977 

977
950 976 978 

978
973 977 979 

979
972 978 982 

980
983 987 981 

981
976 980 986 

982
979 1009 983 

983
980 982 1008 

984
959 989 985 

985
958 984 986 

986
981 985 987 

987
980 986 990 

988
625 991 989 

989
624 984 988 

990
987 1017 991 

991
988 990 1016 

992
967 997 993 

993
966 992 994 

994
993 2487 995 

995
994 998 2486 

996
999 1003 997 

997
992 996 1002 

998
809 995 999 

999
808 996 998 

1000
975 1005 1001 

1001
974 1000 1002 

1002
997 1001 1003 

1003
996 1002 1006 

1004
1007 1011 1005 

1005
1000 1004 1010 

1006
833 1003 1007 

1007
832 1004 1006 

1008
983 1013 1009 

1009
982 1008 1010 

1010
1005 1009 1011 

1011
1004 1010 1014 

1012
1015 1019 1013 

1013
1008 1012 1018 

1014
857 1011 1015 

1015
856 1012 1014 

1016
991 1021 1017 

1017
990 1016 1018 

1018
1013 1017 1019 

1019
1012 1018 1022 

1020
633 1023 1021 

1021
632 1016 1020 

1022
893 1019 1023 

1023
892 1020 1022 

1024
1027 1059 1025 

1025
1024 1028 1058 

1026
1031 2733 1027 

1027
1024 1026 2732 

1028
1025 1035 1029 

1029
1028 1030 1034 

1030
3 1029 1031 

1031
2 1026 1030 

1032
1035 1071 1033 

1033
1032 1036 1070 

1034
1029 1039 1035 

1035
1028 1032 1034 

1036
1033 1043 1037 

1037
1036 1038 1042 

1038
39 1037 1039 

1039
38 1034 1038 

1040
1043 1079 1041 

1041
1040 1044 1078 

1042
1037 1047 1043 

1043
1036 1040 1042 

1044
1041 1051 1045 

1045
1044 1046 1050 

1046
71 1045 1047 

1047
70 1042 1046 

1048
1051 1087 1049 

1049
1048 1052 1086 

1050
1045 1055 1051 

1051
1044 1048 1050 

1052
1049 1255 1053 

1053
1052 1054 1254 

1054
103 1053 1055 

1055
102 1050 1054 

1056
1061 1067 1057 

1057
1056 1058 1066 

1058
1025 1057 1059 

1059
1024 1058 1062 

1060
1063 1091 1061 

1061
1056 1060 1090 

1062
1059 2725 1063 

1063
1060 1062 2724 

1064
1067 1103 1065 

1065
1064 1068 1102 

1066
1057 1071 1067 

1067
1056 1064 1066 

1068
1065 1075 1069 

1069
1068 1070 1074 

1070
1033 1069 1071 

1071
1032 1066 1070 

1072
1075 1111 1073 

1073
1072 1076 1110 

1074
1069 1079 1075 

1075
1068 1072 1074 

1076
1073 1083 1077 

1077
1076 1078 1082 

1078
1041 1077 1079 

1079
1040 1074 1078 

1080
1083 1119 1081 

1081
1080 1084 1118 

1082
1077 1087 1083 

1083
1076 1080 1082 

1084
1081 1263 1085 

1085
1084 1086 1262 

1086
1049 1085 1087 

1087
1048 1082 1086 

1088
1093 1099 1089 

1089
1088 1090 1098 

1090
1061 1089 1091 

1091
1060 1090 1094 

1092
1095 1123 1093 

1093
1088 1092 1122 

1094
1091 2717 1095 

1095
1092 1094 2716 

1096
1099 1135 1097 

1097
1096 1100 1134 

1098
1089 1103 1099 

1099
1088 1096 1098 

1100
1097 1107 1101 

1101
1100 1102 1106 

1102
1065 1101 1103 

1103
1064 1098 1102 

1104
1107 1143 1105 

1105
1104 1108 1142 

1106
1101 1111 1107 

1107
1100 1104 1106 

1108
1105 1115 1109 

1109
1108 1110 1114 

1110
1073 1109 1111 

1111
1072 1106 1110 

1112
1115 1151 1113 

1113
1112 1116 1150 

1114
1109 1119 1115 

1115
1108 1112 1114 

1116
1113 1155 1117 

1117
1116 1118 1154 

1118
1081 1117 1119 

1119
1080 1114 1118 

1120
1125 1131 1121 

1121
1120 1122 1130 

1122
1093 1121 1123 

1123
1092 1122 1126 

1124
1127 1465 1125 

1125
1120 1124 1464 

1126
1123 2737 1127 

1127
1124 1126 2736 

1128
1131 1489 1129 

1129
1128 1132 1488 

1130
1121 1135 1131 

1131
1120 1128 1130 

1132
1129 1139 1133 

1133
1132 1134 1138 

1134
1097 1133 1135 

1135
1096 1130 1134 

1136
1139 1509 1137 

1137
1136 1140 1508 

1138
1133 1143 1139 

1139
1132 1136 1138 

1140
1137 1147 1141 

1141
1140 1142 1146 

1142
1105 1141 1143 

1143
1104 1138 1142 

1144
1147 1533 1145 

1145
1144 1148 1532 

1146
1141 1151 1147 

1147
1140 1144 1146 

1148
1145 1395 1149 

1149
1148 1150 1394 

1150
1113 1149 1151 

1151
1112 1146 1150 

1152
1155 1391 1153 

1153
1152 1156 1390 

1154
1117 1159 1155 

1155
1116 1152 1154 

1156
1153 1163 1157 

1157
1156 1158 1162 

1158
1157 1261 1159 

1159
1154 1158 1260 

1160
1163 1387 1161 

1161
1160 1164 1386 

1162
1157 1167 1163 

1163
1156 1160 1162 

1164
1161 1171 1165 

1165
1164 1166 1170 

1166
1165 1245 1167 

1167
1162 1166 1244 

1168
1171 1211 1169 

1169
1168 1172 1210 

1170
1165 1175 1171 

1171
1164 1168 1170 

1172
1169 1179 1173 

1173
1172 1174 1178 

1174
1173 1221 1175 

1175
1170 1174 1220 

1176
1179 1203 1177 

1177
1176 1180 1202 

1178
1173 1183 1179 

1179
1172 1176 1178 

1180
1177 1607 1181 

1181
1180 1182 1606 

1182
1181 1185 1183 

1183
1178 1182 1184 

1184
1183 1187 1185 

1185
1182 1184 1188 

1186
1191 1225 1187 

1187
1184 1186 1224 

1188
1185 1575 1189 

1189
1188 1190 1574 

1190
1189 1193 1191 

1191
1186 1190 1192 

1192
1191 1195 1193 

1193
1190 1192 1196 

1194
1199 1213 1195 

1195
1192 1194 1212 

1196
1193 1539 1197 

1197
1196 1198 1538 

1198
429 1197 1199 

1199
428 1194 1198 

1200
1205 1639 1201 

1201
1200 1202 1638 

1202
1177 1201 1203 

1203
1176 1202 1206 

1204
1207 1265 1205 

1205
1200 1204 1264 

1206
1203 1209 1207 

1207
1204 1206 1208 

1208
1207 1229 1209 

1209
1206 1208 1210 

1210
1169 1209 1211 

1211
1168 1210 1230 

1212
1195 1217 1213 

1213
1194 1212 1214 

1214
421 1213 1215 

1215
420 1214 1218 

1216
1219 1227 1217 

1217
1212 1216 1226 

1218
1215 1233 1219 

1219
1216 1218 1232 

1220
1175 1223 1221 

1221
1174 1220 1224 

1222
1227 1241 1223 

1223
1220 1222 1240 

1224
1187 1221 1225 

1225
1186 1224 1226 

1226
1217 1225 1227 

1227
1216 1222 1226 

1228
1231 1273 1229 

1229
1208 1228 1272 

1230
1211 1385 1231 

1231
1228 1230 1384 

1232
1219 1237 1233 

1233
1218 1232 1234 

1234
413 1233 1235 

1235
412 1234 1238 

1236
1239 1243 1237 

1237
1232 1236 1242 

1238
1235 1249 1239 

1239
1236 1238 1248 

1240
1223 1245 1241 

1241
1222 1240 1242 

1242
1237 1241 1243 

1243
1236 1242 1246 

1244
1167 1247 1245 

1245
1166 1240 1244 

1246
1243 1257 1247 

1247
1244 1246 1256 

1248
1239 1253 1249 

1249
1238 1248 1250 

1250
433 1249 1251 

1251
432 1250 1254 

1252
1255 1259 1253 

1253
1248 1252 1258 

1254
1053 1251 1255 

1255
1052 1252 1254 

1256
1247 1261 1257 

1257
1246 1256 1258 

1258
1253 1257 1259 

1259
1252 1258 1262 

1260
1159 1263 1261 

1261
1158 1256 1260 

1262
1085 1259 1263 

1263
1084 1260 1262 

1264
1205 1267 1265 

1265
1204 1264 1268 

1266
1271 1973 1267 

1267
1264 1266 1972 

1268
1265 1275 1269 

1269
1268 1270 1274 

1270
1269 1277 1271 

1271
1266 1270 1276 

1272
1229 1275 1273 

1273
1228 1272 1404 

1274
1269 1407 1275 

1275
1268 1272 1274 

1276
1271 1279 1277 

1277
1270 1276 1280 

1278
1283 1965 1279 

1279
1276 1278 1964 

1280
1277 1351 1281 

1281
1280 1282 1350 

1282
1281 1285 1283 

1283
1278 1282 1284 

1284
1283 1287 1285 

1285
1282 1284 1288 

1286
1291 1953 1287 

1287
1284 1286 1952 

1288
1285 1327 1289 

1289
1288 1290 1326 

1290
1289 1293 1291 

1291
1286 1290 1292 

1292
1291 1295 1293 

1293
1290 1292 1296 

1294
1299 1949 1295 

1295
1292 1294 1948 

1296
1293 1303 1297 

1297
1296 1298 1302 

1298
687 1297 1299 

1299
686 1294 1298 

1300
1303 1331 1301 

1301
1300 1304 1330 

1302
1297 1307 1303 

1303
1296 1300 1302 

1304
1301 1311 1305 

1305
1304 1306 1310 

1306
703 1305 1307 

1307
702 1302 1306 

1308
1311 1339 1309 

1309
1308 1312 1338 

1310
1305 1315 1311 

1311
1304 1308 1310 

1312
1309 1319 1313 

1313
1312 1314 1318 

1314
723 1313 1315 

1315
722 1310 1314 

1316
1319 1347 1317 

1317
1316 1320 1346 

1318
1313 1323 1319 

1319
1312 1316 1318 

1320
1317 1411 1321 

1321
1320 1322 1410 

1322
739 1321 1323 

1323
738 1318 1322 

1324
1327 1355 1325 

1325
1324 1328 1354 

1326
1289 1331 1327 

1327
1288 1324 1326 

1328
1325 1335 1329 

1329
1328 1330 1334 

1330
1301 1329 1331 

1331
1300 1326 1330 

1332
1335 1363 1333 

1333
1332 1336 1362 

1334
1329 1339 1335 

1335
1328 1332 1334 

1336
1333 1343 1337 

1337
1336 1338 1342 

1338
1309 1337 1339 

1339
1308 1334 1338 

1340
1343 1371 1341 

1341
1340 1344 1370 

1342
1337 1347 1343 

1343
1336 1340 1342 

1344
1341 1519 1345 

1345
1344 1346 1518 

1346
1317 1345 1347 

1347
1316 1342 1346 

1348
1351 1407 1349 

1349
1348 1352 1406 

1350
1281 1355 1351 

1351
1280 1348 1350 

1352
1349 1359 1353 

1353
1352 1354 1358 

1354
1325 1353 1355 

1355
1324 1350 1354 

1356
1359 1375 1357 

1357
1356 1360 1374 

1358
1353 1363 1359 

1359
1352 1356 1358 

1360
1357 1367 1361 

1361
1360 1362 1366 

1362
1333 1361 1363 

1363
1332 1358 1362 

1364
1367 1403 1365 

1365
1364 1368 1402 

1366
1361 1371 1367 

1367
1360 1364 1366 

1368
1365 1527 1369 

1369
1368 1370 1526 

1370
1341 1369 1371 

1371
1340 1366 1370 

1372
1377 1399 1373 

1373
1372 1374 1398 

1374
1357 1373 1375 

1375
1356 1374 1378 

1376
1379 1381 1377 

1377
1372 1376 1380 

1378
1375 1405 1379 

1379
1376 1378 1404 

1380
1377 1383 1381 

1381
1376 1380 1384 

1382
1387 1389 1383 

1383
1380 1382 1388 

1384
1231 1381 1385 

1385
1230 1384 1386 

1386
1161 1385 1387 

1387
1160 1382 1386 

1388
1383 1393 1389 

1389
1382 1388 1390 

1390
1153 1389 1391 

1391
1152 1390 1394 

1392
1395 1397 1393 

1393
1388 1392 1396 

1394
1149 1391 1395 

1395
1148 1392 1394 

1396
1393 1399 1397 

1397
1392 1396 1400 

1398
1373 1403 1399 

1399
1372 1396 1398 

1400
1397 1535 1401 

1401
1400 1402 1534 

1402
1365 1401 1403 

1403
1364 1398 1402 

1404
1273 1379 1405 

1405
1378 1404 1406 

1406
1349 1405 1407 

1407
1274 1348 1406 

1408
1411 1515 1409 

1409
1408 1412 1514 

1410
1321 1415 1411 

1411
1320 1408 1410 

1412
1409 1419 1413 

1413
1412 1414 1418 

1414
543 1413 1415 

1415
542 1410 1414 

1416
1419 1479 1417 

1417
1416 1420 1478 

1418
1413 1423 1419 

1419
1412 1416 1418 

1420
1417 1427 1421 

1421
1420 1422 1426 

1422
535 1421 1423 

1423
534 1418 1422 

1424
1427 1451 1425 

1425
1424 1428 1450 

1426
1421 1431 1427 

1427
1420 1424 1426 

1428
1425 1435 1429 

1429
1428 1430 1434 

1430
527 1429 1431 

1431
526 1426 1430 

1432
1435 1443 1433 

1433
1432 1436 1442 

1434
1429 1439 1435 

1435
1428 1432 1434 

1436
1433 2831 1437 

1437
1436 1438 2830 

1438
519 1437 1439 

1439
518 1434 1438 

1440
1445 2823 1441 

1441
1440 1442 2822 

1442
1433 1441 1443 

1443
1432 1442 1446 

1444
1447 1455 1445 

1445
1440 1444 1454 

1446
1443 1449 1447 

1447
1444 1446 1448 

1448
1447 1469 1449 

1449
1446 1448 1450 

1450
1425 1449 1451 

1451
1424 1450 1470 

1452
1457 2815 1453 

1453
1452 1454 2814 

1454
1445 1453 1455 

1455
1444 1454 1458 

1456
1459 1463 1457 

1457
1452 1456 1462 

1458
1455 1473 1459 

1459
1456 1458 1472 

1460
1465 2803 1461 

1461
1460 1462 2802 

1462
1457 1461 1463 

1463
1456 1462 1466 

1464
1125 1467 1465 

1465
1124 1460 1464 

1466
1463 1485 1467 

1467
1464 1466 1484 

1468
1471 1475 1469 

1469
1448 1468 1474 

1470
1451 1477 1471 

1471
1468 1470 1476 

1472
1459 1481 1473 

1473
1458 1472 1474 

1474
1469 1473 1475 

1475
1468 1474 1482 

1476
1471 1497 1477 

1477
1470 1476 1478 

1478
1417 1477 1479 

1479
1416 1478 1498 

1480
1483 1487 1481 

1481
1472 1480 1486 

1482
1475 1493 1483 

1483
1480 1482 1492 

1484
1467 1489 1485 

1485
1466 1484 1486 

1486
1481 1485 1487 

1487
1480 1486 1490 

1488
1129 1491 1489 

1489
1128 1484 1488 

1490
1487 1505 1491 

1491
1488 1490 1504 

1492
1483 1501 1493 

1493
1482 1492 1494 

1494
1493 1497 1495 

1495
1494 1502 1496 

1496
1495 1499 1497 

1497
1476 1494 1496 

1498
1479 1513 1499 

1499
1496 1498 1512 

1500
1503 1507 1501 

1501
1492 1500 1506 

1502
1495 1521 1503 

1503
1500 1502 1520 

1504
1491 1509 1505 

1505
1490 1504 1506 

1506
1501 1505 1507 

1507
1500 1506 1510 

1508
1137 1511 1509 

1509
1136 1504 1508 

1510
1507 1529 1511 

1511
1508 1510 1528 

1512
1499 1517 1513 

1513
1498 1512 1514 

1514
1409 1513 1515 

1515
1408 1514 1518 

1516
1519 1523 1517 

1517
1512 1516 1522 

1518
1345 1515 1519 

1519
1344 1516 1518 

1520
1503 1525 1521 

1521
1502 1520 1522 

1522
1517 1521 1523 

1523
1516 1522 1526 

1524
1527 1531 1525 

1525
1520 1524 1530 

1526
1369 1523 1527 

1527
1368 1524 1526 

1528
1511 1533 1529 

1529
1510 1528 1530 

1530
1525 1529 1531 

1531
1524 1530 1534 

1532
1145 1535 1533 

1533
1144 1528 1532 

1534
1401 1531 1535 

1535
1400 1532 1534 

1536
1539 1571 1537 

1537
1536 1540 1570 

1538
1197 1543 1539 

1539
1196 1536 1538 

1540
1537 1547 1541 

1541
1540 1542 1546 

1542
431 1541 1543 

1543
430 1538 1542 

1544
1547 1583 1545 

1545
1544 1548 1582 

1546
1541 1551 1547 

1547
1540 1544 1546 

1548
1545 1555 1549 

1549
1548 1550 1554 

1550
447 1549 1551 

1551
446 1546 1550 

1552
1555 1591 1553 

1553
1552 1556 1590 

1554
1549 1559 1555 

1555
1548 1552 1554 

1556
1553 1563 1557 

1557
1556 1558 1562 

1558
467 1557 1559 

1559
466 1554 1558 

1560
1563 1599 1561 

1561
1560 1564 1598 

1562
1557 1567 1563 

1563
1556 1560 1562 

1564
1561 1767 1565 

1565
1564 1566 1766 

1566
483 1565 1567 

1567
482 1562 1566 

1568
1573 1579 1569 

1569
1568 1570 1578 

1570
1537 1569 1571 

1571
1536 1570 1574 

1572
1575 1603 1573 

1573
1568 1572 1602 

1574
1189 1571 1575 

1575
1188 1572 1574 

1576
1579 1615 1577 

1577
1576 1580 1614 

1578
1569 1583 1579 

1579
1568 1576 1578 

1580
1577 1587 1581 

1581
1580 1582 1586 

1582
1545 1581 1583 

1583
1544 1578 1582 

1584
1587 1623 1585 

1585
1584 1588 1622 

1586
1581 1591 1587 

1587
1580 1584 1586 

1588
1585 1595 1589 

1589
1588 1590 1594 

1590
1553 1589 1591 

1591
1552 1586 1590 

1592
1595 1631 1593 

1593
1592 1596 1630 

1594
1589 1599 1595 

1595
1588 1592 1594 

1596
1593 1775 1597 

1597
1596 1598 1774 

1598
1561 1597 1599 

1599
1560 1594 1598 

1600
1605 1611 1601 

1601
1600 1602 1610 

1602
1573 1601 1603 

1603
1572 1602 1606 

1604
1607 1635 1605 

1605
1600 1604 1634 

1606
1181 1603 1607 

1607
1180 1604 1606 

1608
1611 1647 1609 

1609
1608 1612 1646 

1610
1601 1615 1611 

1611
1600 1608 1610 

1612
1609 1619 1613 

1613
1612 1614 1618 

1614
1577 1613 1615 

1615
1576 1610 1614 

1616
1619 1655 1617 

1617
1616 1620 1654 

1618
1613 1623 1619 

1619
1612 1616 1618 

1620
1617 1627 1621 

1621
1620 1622 1626 

1622
1585 1621 1623 

1623
1584 1618 1622 

1624
1627 1663 1625 

1625
1624 1628 1662 

1626
1621 1631 1627 

1627
1620 1624 1626 

1628
1625 1667 1629 

1629
1628 1630 1666 

1630
1593 1629 1631 

1631
1592 1626 1630 

1632
1637 1643 1633 

1633
1632 1634 1642 

1634
1605 1633 1635 

1635
1604 1634 1638 

1636
1639 1977 1637 

1637
1632 1636 1976 

1638
1201 1635 1639 

1639
1200 1636 1638 

1640
1643 2001 1641 

1641
1640 1644 2000 

1642
1633 1647 1643 

1643
1632 1640 1642 

1644
1641 1651 1645 

1645
1644 1646 1650 

1646
1609 1645 1647 

1647
1608 1642 1646 

1648
1651 2021 1649 

1649
1648 1652 2020 

1650
1645 1655 1651 

1651
1644 1648 1650 

1652
1649 1659 1653 

1653
1652 1654 1658 

1654
1617 1653 1655 

1655
1616 1650 1654 

1656
1659 2045 1657 

1657
1656 1660 2044 

1658
1653 1663 1659 

1659
1652 1656 1658 

1660
1657 1907 1661 

1661
1660 1662 1906 

1662
1625 1661 1663 

1663
1624 1658 1662 

1664
1667 1903 1665 

1665
1664 1668 1902 

1666
1629 1671 1667 

1667
1628 1664 1666 

1668
1665 1675 1669 

1669
1668 1670 1674 

1670
1669 1773 1671 

1671
1666 1670 1772 

1672
1675 1899 1673 

1673
1672 1676 1898 

1674
1669 1679 1675 

1675
1668 1672 1674 

1676
1673 1683 1677 

1677
1676 1678 1682 

1678
1677 1757 1679 

1679
1674 1678 1756 

1680
1683 1723 1681 

1681
1680 1684 1722 

1682
1677 1687 1683 

1683
1676 1680 1682 

1684
1681 1691 1685 

1685
1684 1686 1690 

1686
1685 1733 1687 

1687
1682 1686 1732 

1688
1691 1715 1689 

1689
1688 1692 1714 

1690
1685 1695 1691 

1691
1684 1688 1690 

1692
1689 2119 1693 

1693
1692 1694 2118 

1694
1693 1697 1695 

1695
1690 1694 1696 

1696
1695 1699 1697 

1697
1694 1696 1700 

1698
1703 1737 1699 

1699
1696 1698 1736 

1700
1697 2087 1701 

1701
1700 1702 2086 

1702
1701 1705 1703 

1703
1698 1702 1704 

1704
1703 1707 1705 

1705
1702 1704 1708 

1706
1711 1725 1707 

1707
1704 1706 1724 

1708
1705 2051 1709 

1709
1708 1710 2050 

1710
263 1709 1711 

1711
262 1706 1710 

1712
1717 2151 1713 

1713
1712 1714 2150 

1714
1689 1713 1715 

1715
1688 1714 1718 

1716
1719 1777 1717 

1717
1712 1716 1776 

1718
1715 1721 1719 

1719
1716 1718 1720 

1720
1719 1741 1721 

1721
1718 1720 1722 

1722
1681 1721 1723 

1723
1680 1722 1742 

1724
1707 1729 1725 

1725
1706 1724 1726 

1726
271 1725 1727 

1727
270 1726 1730 

1728
1731 1739 1729 

1729
1724 1728 1738 

1730
1727 1745 1731 

1731
1728 1730 1744 

1732
1687 1735 1733 

1733
1686 1732 1736 

1734
1739 1753 1735 

1735
1732 1734 1752 

1736
1699 1733 1737 

1737
1698 1736 1738 

1738
1729 1737 1739 

1739
1728 1734 1738 

1740
1743 1785 1741 

1741
1720 1740 1784 

1742
1723 1897 1743 

1743
1740 1742 1896 

1744
1731 1749 1745 

1745
1730 1744 1746 

1746
279 1745 1747 

1747
278 1746 1750 

1748
1751 1755 1749 

1749
1744 1748 1754 

1750
1747 1761 1751 

1751
1748 1750 1760 

1752
1735 1757 1753 

1753
1734 1752 1754 

1754
1749 1753 1755 

1755
1748 1754 1758 

1756
1679 1759 1757 

1757
1678 1752 1756 

1758
1755 1769 1759 

1759
1756 1758 1768 

1760
1751 1765 1761 

1761
1750 1760 1762 

1762
287 1761 1763 

1763
286 1762 1766 

1764
1767 1771 1765 

1765
1760 1764 1770 

1766
1565 1763 1767 

1767
1564 1764 1766 

1768
1759 1773 1769 

1769
1758 1768 1770 

1770
1765 1769 1771 

1771
1764 1770 1774 

1772
1671 1775 1773 

1773
1670 1768 1772 

1774
1597 1771 1775 

1775
1596 1772 1774 

1776
1717 1779 1777 

1777
1716 1776 1780 

1778
1783 2181 1779 

1779
1776 1778 2180 

1780
1777 1787 1781 

1781
1780 1782 1786 

1782
1781 1789 1783 

1783
1778 1782 1788 

1784
1741 1787 1785 

1785
1740 1784 1916 

1786
1781 1919 1787 

1787
1780 1784 1786 

1788
1783 1791 1789 

1789
1782 1788 1792 

1790
1795 2189 1791 

1791
1788 1790 2188 

1792
1789 1863 1793 

1793
1792 1794 1862 

1794
1793 1797 1795 

1795
1790 1794 1796 

1796
1795 1799 1797 

1797
1794 1796 1800 

1798
1803 2197 1799 

1799
1796 1798 2196 

1800
1797 1839 1801 

1801
1800 1802 1838 

1802
1801 1805 1803 

1803
1798 1802 1804 

1804
1803 1807 1805 

1805
1802 1804 1808 

1806
1811 2205 1807 

1807
1804 1806 2204 

1808
1805 1815 1809 

1809
1808 1810 1814 

1810
783 1809 1811 

1811
782 1806 1810 

1812
1815 1843 1813 

1813
1812 1816 1842 

1814
1809 1819 1815 

1815
1808 1812 1814 

1816
1813 1823 1817 

1817
1816 1818 1822 

1818
775 1817 1819 

1819
774 1814 1818 

1820
1823 1851 1821 

1821
1820 1824 1850 

1822
1817 1827 1823 

1823
1816 1820 1822 

1824
1821 1831 1825 

1825
1824 1826 1830 

1826
767 1825 1827 

1827
766 1822 1826 

1828
1831 1859 1829 

1829
1828 1832 1858 

1830
1825 1835 1831 

1831
1824 1828 1830 

1832
1829 1923 1833 

1833
1832 1834 1922 

1834
755 1833 1835 

1835
754 1830 1834 

1836
1839 1867 1837 

1837
1836 1840 1866 

1838
1801 1843 1839 

1839
1800 1836 1838 

1840
1837 1847 1841 

1841
1840 1842 1846 

1842
1813 1841 1843 

1843
1812 1838 1842 

1844
1847 1875 1845 

1845
1844 1848 1874 

1846
1841 1851 1847 

1847
1840 1844 1846 

1848
1845 1855 1849 

1849
1848 1850 1854 

1850
1821 1849 1851 

1851
1820 1846 1850 

1852
1855 1883 1853 

1853
1852 1856 1882 

1854
1849 1859 1855 

1855
1848 1852 1854 

1856
1853 2031 1857 

1857
1856 1858 2030 

1858
1829 1857 1859 

1859
1828 1854 1858 

1860
1863 1919 1861 

1861
1860 1864 1918 

1862
1793 1867 1863 

1863
1792 1860 1862 

1864
1861 1871 1865 

1865
1864 1866 1870 

1866
1837 1865 1867 

1867
1836 1862 1866 

1868
1871 1887 1869 

1869
1868 1872 1886 

1870
1865 1875 1871 

1871
1864 1868 1870 

1872
1869 1879 1873 

1873
1872 1874 1878 

1874
1845 1873 1875 

1875
1844 1870 1874 

1876
1879 1915 1877 

1877
1876 1880 1914 

1878
1873 1883 1879 

1879
1872 1876 1878 

1880
1877 2039 1881 

1881
1880 1882 2038 

1882
1853 1881 1883 

1883
1852 1878 1882 

1884
1889 1911 1885 

1885
1884 1886 1910 

1886
1869 1885 1887 

1887
1868 1886 1890 

1888
1891 1893 1889 

1889
1884 1888 1892 

1890
1887 1917 1891 

1891
1888 1890 1916 

1892
1889 1895 1893 

1893
1888 1892 1896 

1894
1899 1901 1895 

1895
1892 1894 1900 

1896
1743 1893 1897 

1897
1742 1896 1898 

1898
1673 1897 1899 

1899
1672 1894 1898 

1900
1895 1905 1901 

1901
1894 1900 1902 

1902
1665 1901 1903 

1903
1664 1902 1906 

1904
1907 1909 1905 

1905
1900 1904 1908 

1906
1661 1903 1907 

1907
1660 1904 1906 

1908
1905 1911 1909 

1909
1904 1908 1912 

1910
1885 1915 1911 

1911
1884 1908 1910 

1912
1909 2047 1913 

1913
1912 1914 2046 

1914
1877 1913 1915 

1915
1876 1910 1914 

1916
1785 1891 1917 

1917
1890 1916 1918 

1918
1861 1917 1919 

1919
1786 1860 1918 

1920
1923 2027 1921 

1921
1920 1924 2026 

1922
1833 1927 1923 

1923
1832 1920 1922 

1924
1921 1931 1925 

1925
1924 1926 1930 

1926
689 1925 1927 

1927
688 1922 1926 

1928
1931 1991 1929 

1929
1928 1932 1990 

1930
1925 1935 1931 

1931
1924 1928 1930 

1932
1929 1939 1933 

1933
1932 1934 1938 

1934
669 1933 1935 

1935
668 1930 1934 

1936
1939 1963 1937 

1937
1936 1940 1962 

1938
1933 1943 1939 

1939
1932 1936 1938 

1940
1937 1947 1941 

1941
1940 1942 1946 

1942
677 1941 1943 

1943
676 1938 1942 

1944
1947 1955 1945 

1945
1944 1948 1954 

1946
1941 1951 1947 

1947
1940 1944 1946 

1948
1295 1945 1949 

1949
1294 1948 1950 

1950
685 1949 1951 

1951
684 1946 1950 

1952
1287 1957 1953 

1953
1286 1952 1954 

1954
1945 1953 1955 

1955
1944 1954 1958 

1956
1959 1967 1957 

1957
1952 1956 1966 

1958
1955 1961 1959 

1959
1956 1958 1960 

1960
1959 1981 1961 

1961
1958 1960 1962 

1962
1937 1961 1963 

1963
1936 1962 1982 

1964
1279 1969 1965 

1965
1278 1964 1966 

1966
1957 1965 1967 

1967
1956 1966 1970 

1968
1971 1975 1969 

1969
1964 1968 1974 

1970
1967 1985 1971 

1971
1968 1970 1984 

1972
1267 1977 1973 

1973
1266 1972 1974 

1974
1969 1973 1975 

1975
1968 1974 1978 

1976
1637 1979 1977 

1977
1636 1972 1976 

1978
1975 1997 1979 

1979
1976 1978 1996 

1980
1983 1987 1981 

1981
1960 1980 1986 

1982
1963 1989 1983 

1983
1980 1982 1988 

1984
1971 1993 1985 

1985
1970 1984 1986 

1986
1981 1985 1987 

1987
1980 1986 1994 

1988
1983 2009 1989 

1989
1982 1988 1990 

1990
1929 1989 1991 

1991
1928 1990 2010 

1992
1995 1999 1993 

1993
1984 1992 1998 

1994
1987 2005 1995 

1995
1992 1994 2004 

1996
1979 2001 1997 

1997
1978 1996 1998 

1998
1993 1997 1999 

1999
1992 1998 2002 

2000
1641 2003 2001 

2001
1640 1996 2000 

2002
1999 2017 2003 

2003
2000 2002 2016 

2004
1995 2013 2005 

2005
1994 2004 2006 

2006
2005 2009 2007 

2007
2006 2014 2008 

2008
2007 2011 2009 

2009
1988 2006 2008 

2010
1991 2025 2011 

2011
2008 2010 2024 

2012
2015 2019 2013 

2013
2004 2012 2018 

2014
2007 2033 2015 

2015
2012 2014 2032 

2016
2003 2021 2017 

2017
2002 2016 2018 

2018
2013 2017 2019 

2019
2012 2018 2022 

2020
1649 2023 2021 

2021
1648 2016 2020 

2022
2019 2041 2023 

2023
2020 2022 2040 

2024
2011 2029 2025 

2025
2010 2024 2026 

2026
1921 2025 2027 

2027
1920 2026 2030 

2028
2031 2035 2029 

2029
2024 2028 2034 

2030
1857 2027 2031 

2031
1856 2028 2030 

2032
2015 2037 2033 

2033
2014 2032 2034 

2034
2029 2033 2035 

2035
2028 2034 2038 

2036
2039 2043 2037 

2037
2032 2036 2042 

2038
1881 2035 2039 

2039
1880 2036 2038 

2040
2023 2045 2041 

2041
2022 2040 2042 

2042
2037 2041 2043 

2043
2036 2042 2046 

2044
1657 2047 2045 

2045
1656 2040 2044 

2046
1913 2043 2047 

2047
1912 2044 2046 

2048
2051 2083 2049 

2049
2048 2052 2082 

2050
1709 2055 2051 

2051
1708 2048 2050 

2052
2049 2059 2053 

2053
2052 2054 2058 

2054
259 2053 2055 

2055
258 2050 2054 

2056
2059 2095 2057 

2057
2056 2060 2094 

2058
2053 2063 2059 

2059
2052 2056 2058 

2060
2057 2067 2061 

2061
2060 2062 2066 

2062
295 2061 2063 

2063
294 2058 2062 

2064
2067 2103 2065 

2065
2064 2068 2102 

2066
2061 2071 2067 

2067
2060 2064 2066 

2068
2065 2075 2069 

2069
2068 2070 2074 

2070
327 2069 2071 

2071
326 2066 2070 

2072
2075 2111 2073 

2073
2072 2076 2110 

2074
2069 2079 2075 

2075
2068 2072 2074 

2076
2073 2407 2077 

2077
2076 2078 2406 

2078
359 2077 2079 

2079
358 2074 2078 

2080
2085 2091 2081 

2081
2080 2082 2090 

2082
2049 2081 2083 

2083
2048 2082 2086 

2084
2087 2115 2085 

2085
2080 2084 2114 

2086
1701 2083 2087 

2087
1700 2084 2086 

2088
2091 2127 2089 

2089
2088 2092 2126 

2090
2081 2095 2091 

2091
2080 2088 2090 

2092
2089 2099 2093 

2093
2092 2094 2098 

2094
2057 2093 2095 

2095
2056 2090 2094 

2096
2099 2135 2097 

2097
2096 2100 2134 

2098
2093 2103 2099 

2099
2092 2096 2098 

2100
2097 2107 2101 

2101
2100 2102 2106 

2102
2065 2101 2103 

2103
2064 2098 2102 

2104
2107 2143 2105 

2105
2104 2108 2142 

2106
2101 2111 2107 

2107
2100 2104 2106 

2108
2105 2415 2109 

2109
2108 2110 2414 

2110
2073 2109 2111 

2111
2072 2106 2110 

2112
2117 2123 2113 

2113
2112 2114 2122 

2114
2085 2113 2115 

2115
2084 2114 2118 

2116
2119 2147 2117 

2117
2112 2116 2146 

2118
1693 2115 2119 

2119
1692 2116 2118 

2120
2123 2159 2121 

2121
2120 2124 2158 

2122
2113 2127 2123 

2123
2112 2120 2122 

2124
2121 2131 2125 

2125
2124 2126 2130 

2126
2089 2125 2127 

2127
2088 2122 2126 

2128
2131 2167 2129 

2129
2128 2132 2166 

2130
2125 2135 2131 

2131
2124 2128 2130 

2132
2129 2139 2133 

2133
2132 2134 2138 

2134
2097 2133 2135 

2135
2096 2130 2134 

2136
2139 2175 2137 

2137
2136 2140 2174 

2138
2133 2143 2139 

2139
2132 2136 2138 

2140
2137 2423 2141 

2141
2140 2142 2422 

2142
2105 2141 2143 

2143
2104 2138 2142 

2144
2149 2155 2145 

2145
2144 2146 2154 

2146
2117 2145 2147 

2147
2116 2146 2150 

2148
2151 2177 2149 

2149
2144 2148 2176 

2150
1713 2147 2151 

2151
1712 2148 2150 

2152
2155 2233 2153 

2153
2152 2156 2232 

2154
2145 2159 2155 

2155
2144 2152 2154 

2156
2153 2163 2157 

2157
2156 2158 2162 

2158
2121 2157 2159 

2159
2120 2154 2158 

2160
2163 2269 2161 

2161
2160 2164 2268 

2162
2157 2167 2163 

2163
2156 2160 2162 

2164
2161 2171 2165 

2165
2164 2166 2170 

2166
2129 2165 2167 

2167
2128 2162 2166 

2168
2171 2301 2169 

2169
2168 2172 2300 

2170
2165 2175 2171 

2171
2164 2168 2170 

2172
2169 2431 2173 

2173
2172 2174 2430 

2174
2137 2173 2175 

2175
2136 2170 2174 

2176
2149 2179 2177 

2177
2148 2176 2180 

2178
2183 2237 2179 

2179
2176 2178 2236 

2180
1779 2177 2181 

2181
1778 2180 2182 

2182
2181 2185 2183 

2183
2178 2182 2184 

2184
2183 2187 2185 

2185
2182 2184 2188 

2186
2191 2225 2187 

2187
2184 2186 2224 

2188
1791 2185 2189 

2189
1790 2188 2190 

2190
2189 2193 2191 

2191
2186 2190 2192 

2192
2191 2195 2193 

2193
2190 2192 2196 

2194
2199 2217 2195 

2195
2192 2194 2216 

2196
1799 2193 2197 

2197
1798 2196 2198 

2198
2197 2201 2199 

2199
2194 2198 2200 

2200
2199 2203 2201 

2201
2198 2200 2204 

2202
2207 2209 2203 

2203
2200 2202 2208 

2204
1807 2201 2205 

2205
1806 2204 2206 

2206
787 2205 2207 

2207
786 2202 2206 

2208
2203 2213 2209 

2209
2202 2208 2210 

2210
795 2209 2211 

2211
794 2210 2214 

2212
2215 2219 2213 

2213
2208 2212 2218 

2214
2211 2241 2215 

2215
2212 2214 2240 

2216
2195 2221 2217 

2217
2194 2216 2218 

2218
2213 2217 2219 

2219
2212 2218 2222 

2220
2223 2227 2221 

2221
2216 2220 2226 

2222
2219 2249 2223 

2223
2220 2222 2248 

2224
2187 2229 2225 

2225
2186 2224 2226 

2226
2221 2225 2227 

2227
2220 2226 2230 

2228
2231 2239 2229 

2229
2224 2228 2238 

2230
2227 2257 2231 

2231
2228 2230 2256 

2232
2153 2235 2233 

2233
2152 2232 2236 

2234
2239 2265 2235 

2235
2232 2234 2264 

2236
2179 2233 2237 

2237
2178 2236 2238 

2238
2229 2237 2239 

2239
2228 2234 2238 

2240
2215 2245 2241 

2241
2214 2240 2242 

2242
803 2241 2243 

2243
802 2242 2246 

2244
2247 2251 2245 

2245
2240 2244 2250 

2246
2243 2273 2247 

2247
2244 2246 2272 

2248
2223 2253 2249 

2249
2222 2248 2250 

2250
2245 2249 2251 

2251
2244 2250 2254 

2252
2255 2259 2253 

2253
2248 2252 2258 

2254
2251 2281 2255 

2255
2252 2254 2280 

2256
2231 2261 2257 

2257
2230 2256 2258 

2258
2253 2257 2259 

2259
2252 2258 2262 

2260
2263 2267 2261 

2261
2256 2260 2266 

2262
2259 2289 2263 

2263
2260 2262 2288 

2264
2235 2269 2265 

2265
2234 2264 2266 

2266
2261 2265 2267 

2267
2260 2266 2270 

2268
2161 2271 2269 

2269
2160 2264 2268 

2270
2267 2297 2271 

2271
2268 2270 2296 

2272
2247 2277 2273 

2273
2246 2272 2274 

2274
811 2273 2275 

2275
810 2274 2278 

2276
2279 2283 2277 

2277
2272 2276 2282 

2278
2275 2485 2279 

2279
2276 2278 2484 

2280
2255 2285 2281 

2281
2254 2280 2282 

2282
2277 2281 2283 

2283
2276 2282 2286 

2284
2287 2291 2285 

2285
2280 2284 2290 

2286
2283 2509 2287 

2287
2284 2286 2508 

2288
2263 2293 2289 

2289
2262 2288 2290 

2290
2285 2289 2291 

2291
2284 2290 2294 

2292
2295 2299 2293 

2293
2288 2292 2298 

2294
2291 2533 2295 

2295
2292 2294 2532 

2296
2271 2301 2297 

2297
2270 2296 2298 

2298
2293 2297 2299 

2299
2292 2298 2302 

2300
2169 2303 2301 

2301
2168 2296 2300 

2302
2299 2553 2303 

2303
2300 2302 2552 

2304
2307 2315 2305 

2305
2304 2308 2314 

2306
2311 2337 2307 

2307
2304 2306 2336 

2308
2305 2563 2309 

2309
2308 2310 2562 

2310
173 2309 2311 

2311
172 2306 2310 

2312
2317 2599 2313 

2313
2312 2314 2598 

2314
2305 2313 2315 

2315
2304 2314 2318 

2316
2319 2323 2317 

2317
2312 2316 2322 

2318
2315 2345 2319 

2319
2316 2318 2344 

2320
2325 2631 2321 

2321
2320 2322 2630 

2322
2317 2321 2323 

2323
2316 2322 2326 

2324
2327 2331 2325 

2325
2320 2324 2330 

2326
2323 2353 2327 

2327
2324 2326 2352 

2328
2333 2663 2329 

2329
2328 2330 2662 

2330
2325 2329 2331 

2331
2324 2330 2334 

2332
2335 2557 2333 

2333
2328 2332 2556 

2334
2331 2361 2335 

2335
2332 2334 2360 

2336
2307 2341 2337 

2337
2306 2336 2338 

2338
165 2337 2339 

2339
164 2338 2342 

2340
2343 2347 2341 

2341
2336 2340 2346 

2342
2339 2369 2343 

2343
2340 2342 2368 

2344
2319 2349 2345 

2345
2318 2344 2346 

2346
2341 2345 2347 

2347
2340 2346 2350 

2348
2351 2355 2349 

2349
2344 2348 2354 

2350
2347 2377 2351 

2351
2348 2350 2376 

2352
2327 2357 2353 

2353
2326 2352 2354 

2354
2349 2353 2355 

2355
2348 2354 2358 

2356
2359 2363 2357 

2357
2352 2356 2362 

2358
2355 2385 2359 

2359
2356 2358 2384 

2360
2335 2365 2361 

2361
2334 2360 2362 

2362
2357 2361 2363 

2363
2356 2362 2366 

2364
2367 2433 2365 

2365
2360 2364 2432 

2366
2363 2393 2367 

2367
2364 2366 2392 

2368
2343 2373 2369 

2369
2342 2368 2370 

2370
157 2369 2371 

2371
156 2370 2374 

2372
2375 2379 2373 

2373
2368 2372 2378 

2374
2371 2401 2375 

2375
2372 2374 2400 

2376
2351 2381 2377 

2377
2350 2376 2378 

2378
2373 2377 2379 

2379
2372 2378 2382 

2380
2383 2387 2381 

2381
2376 2380 2386 

2382
2379 2409 2383 

2383
2380 2382 2408 

2384
2359 2389 2385 

2385
2358 2384 2386 

2386
2381 2385 2387 

2387
2380 2386 2390 

2388
2391 2395 2389 

2389
2384 2388 2394 

2390
2387 2417 2391 

2391
2388 2390 2416 

2392
2367 2397 2393 

2393
2366 2392 2394 

2394
2389 2393 2395 

2395
2388 2394 2398 

2396
2399 2541 2397 

2397
2392 2396 2540 

2398
2395 2425 2399 

2399
2396 2398 2424 

2400
2375 2405 2401 

2401
2374 2400 2402 

2402
177 2401 2403 

2403
176 2402 2406 

2404
2407 2411 2405 

2405
2400 2404 2410 

2406
2077 2403 2407 

2407
2076 2404 2406 

2408
2383 2413 2409 

2409
2382 2408 2410 

2410
2405 2409 2411 

2411
2404 2410 2414 

2412
2415 2419 2413 

2413
2408 2412 2418 

2414
2109 2411 2415 

2415
2108 2412 2414 

2416
2391 2421 2417 

2417
2390 2416 2418 

2418
2413 2417 2419 

2419
2412 2418 2422 

2420
2423 2427 2421 

2421
2416 2420 2426 

2422
2141 2419 2423 

2423
2140 2420 2422 

2424
2399 2429 2425 

2425
2398 2424 2426 

2426
2421 2425 2427 

2427
2420 2426 2430 

2428
2431 2549 2429 

2429
2424 2428 2548 

2430
2173 2427 2431 

2431
2172 2428 2430 

2432
2365 2435 2433 

2433
2364 2432 2536 

2434
2539 2437 2435 

2435
2432 2434 2436 

2436
2435 2557 2437 

2437
2434 2436 2438 

2438
2437 2441 2439 

2439
2438 2558 2440 

2440
2439 2443 2441 

2441
2438 2440 2444 

2442
2447 2989 2443 

2443
2440 2442 2988 

2444
2441 2519 2445 

2445
2444 2446 2518 

2446
2445 2449 2447 

2447
2442 2446 2448 

2448
2447 2451 2449 

2449
2446 2448 2452 

2450
2455 2977 2451 

2451
2448 2450 2976 

2452
2449 2491 2453 

2453
2452 2454 2490 

2454
2453 2457 2455 

2455
2450 2454 2456 

2456
2455 2459 2457 

2457
2454 2456 2460 

2458
2463 2973 2459 

2459
2456 2458 2972 

2460
2457 2467 2461 

2461
2460 2462 2466 

2462
903 2461 2463 

2463
902 2458 2462 

2464
2467 2495 2465 

2465
2464 2468 2494 

2466
2461 2471 2467 

2467
2460 2464 2466 

2468
2465 2475 2469 

2469
2468 2470 2474 

2470
931 2469 2471 

2471
930 2466 2470 

2472
2475 2503 2473 

2473
2472 2476 2502 

2474
2469 2479 2475 

2475
2468 2472 2474 

2476
2473 2483 2477 

2477
2476 2478 2482 

2478
963 2477 2479 

2479
962 2474 2478 

2480
2483 2511 2481 

2481
2480 2484 2510 

2482
2477 2487 2483 

2483
2476 2480 2482 

2484
2279 2481 2485 

2485
2278 2484 2486 

2486
995 2485 2487 

2487
994 2482 2486 

2488
2491 2515 2489 

2489
2488 2492 2514 

2490
2453 2495 2491 

2491
2452 2488 2490 

2492
2489 2499 2493 

2493
2492 2494 2498 

2494
2465 2493 2495 

2495
2464 2490 2494 

2496
2499 2527 2497 

2497
2496 2500 2526 

2498
2493 2503 2499 

2499
2492 2496 2498 

2500
2497 2507 2501 

2501
2500 2502 2506 

2502
2473 2501 2503 

2503
2472 2498 2502 

2504
2507 2535 2505 

2505
2504 2508 2534 

2506
2501 2511 2507 

2507
2500 2504 2506 

2508
2287 2505 2509 

2509
2286 2508 2510 

2510
2481 2509 2511 

2511
2480 2506 2510 

2512
2517 2523 2513 

2513
2512 2514 2522 

2514
2489 2513 2515 

2515
2488 2514 2518 

2516
2519 2539 2517 

2517
2512 2516 2538 

2518
2445 2515 2519 

2519
2444 2516 2518 

2520
2523 2547 2521 

2521
2520 2524 2546 

2522
2513 2527 2523 

2523
2512 2520 2522 

2524
2521 2531 2525 

2525
2524 2526 2530 

2526
2497 2525 2527 

2527
2496 2522 2526 

2528
2531 2555 2529 

2529
2528 2532 2554 

2530
2525 2535 2531 

2531
2524 2528 2530 

2532
2295 2529 2533 

2533
2294 2532 2534 

2534
2505 2533 2535 

2535
2504 2530 2534 

2536
2433 2543 2537 

2537
2536 2538 2542 

2538
2517 2537 2539 

2539
2434 2516 2538 

2540
2397 2543 2541 

2541
2396 2540 2544 

2542
2537 2547 2543 

2543
2536 2540 2542 

2544
2541 2551 2545 

2545
2544 2546 2550 

2546
2521 2545 2547 

2547
2520 2542 2546 

2548
2429 2551 2549 

2549
2428 2548 2552 

2550
2545 2555 2551 

2551
2544 2548 2550 

2552
2303 2549 2553 

2553
2302 2552 2554 

2554
2529 2553 2555 

2555
2528 2550 2554 

2556
2333 2559 2557 

2557
2332 2436 2556 

2558
2439 2997 2559 

2559
2556 2558 2996 

2560
2563 2595 2561 

2561
2560 2564 2594 

2562
2309 2567 2563 

2563
2308 2560 2562 

2564
2561 2571 2565 

2565
2564 2566 2570 

2566
175 2565 2567 

2567
174 2562 2566 

2568
2571 2607 2569 

2569
2568 2572 2606 

2570
2565 2575 2571 

2571
2564 2568 2570 

2572
2569 2579 2573 

2573
2572 2574 2578 

2574
191 2573 2575 

2575
190 2570 2574 

2576
2579 2615 2577 

2577
2576 2580 2614 

2578
2573 2583 2579 

2579
2572 2576 2578 

2580
2577 2587 2581 

2581
2580 2582 2586 

2582
211 2581 2583 

2583
210 2578 2582 

2584
2587 2623 2585 

2585
2584 2588 2622 

2586
2581 2591 2587 

2587
2580 2584 2586 

2588
2585 2791 2589 

2589
2588 2590 2790 

2590
227 2589 2591 

2591
226 2586 2590 

2592
2597 2603 2593 

2593
2592 2594 2602 

2594
2561 2593 2595 

2595
2560 2594 2598 

2596
2599 2627 2597 

2597
2592 2596 2626 

2598
2313 2595 2599 

2599
2312 2596 2598 

2600
2603 2639 2601 

2601
2600 2604 2638 

2602
2593 2607 2603 

2603
2592 2600 2602 

2604
2601 2611 2605 

2605
2604 2606 2610 

2606
2569 2605 2607 

2607
2568 2602 2606 

2608
2611 2647 2609 

2609
2608 2612 2646 

2610
2605 2615 2611 

2611
2604 2608 2610 

2612
2609 2619 2613 

2613
2612 2614 2618 

2614
2577 2613 2615 

2615
2576 2610 2614 

2616
2619 2655 2617 

2617
2616 2620 2654 

2618
2613 2623 2619 

2619
2612 2616 2618 

2620
2617 2799 2621 

2621
2620 2622 2798 

2622
2585 2621 2623 

2623
2584 2618 2622 

2624
2629 2635 2625 

2625
2624 2626 2634 

2626
2597 2625 2627 

2627
2596 2626 2630 

2628
2631 2659 2629 

2629
2624 2628 2658 

2630
2321 2627 2631 

2631
2320 2628 2630 

2632
2635 2671 2633 

2633
2632 2636 2670 

2634
2625 2639 2635 

2635
2624 2632 2634 

2636
2633 2643 2637 

2637
2636 2638 2642 

2638
2601 2637 2639 

2639
2600 2634 2638 

2640
2643 2679 2641 

2641
2640 2644 2678 

2642
2637 2647 2643 

2643
2636 2640 2642 

2644
2641 2651 2645 

2645
2644 2646 2650 

2646
2609 2645 2647 

2647
2608 2642 2646 

2648
2651 2687 2649 

2649
2648 2652 2686 

2650
2645 2655 2651 

2651
2644 2648 2650 

2652
2649 2691 2653 

2653
2652 2654 2690 

2654
2617 2653 2655 

2655
2616 2650 2654 

2656
2661 2667 2657 

2657
2656 2658 2666 

2658
2629 2657 2659 

2659
2628 2658 2662 

2660
2663 3001 2661 

2661
2656 2660 3000 

2662
2329 2659 2663 

2663
2328 2660 2662 

2664
2667 3025 2665 

2665
2664 2668 3024 

2666
2657 2671 2667 

2667
2656 2664 2666 

2668
2665 2675 2669 

2669
2668 2670 2674 

2670
2633 2669 2671 

2671
2632 2666 2670 

2672
2675 3045 2673 

2673
2672 2676 3044 

2674
2669 2679 2675 

2675
2668 2672 2674 

2676
2673 2683 2677 

2677
2676 2678 2682 

2678
2641 2677 2679 

2679
2640 2674 2678 

2680
2683 3069 2681 

2681
2680 2684 3068 

2682
2677 2687 2683 

2683
2676 2680 2682 

2684
2681 2931 2685 

2685
2684 2686 2930 

2686
2649 2685 2687 

2687
2648 2682 2686 

2688
2691 2927 2689 

2689
2688 2692 2926 

2690
2653 2695 2691 

2691
2652 2688 2690 

2692
2689 2699 2693 

2693
2692 2694 2698 

2694
2693 2797 2695 

2695
2690 2694 2796 

2696
2699 2923 2697 

2697
2696 2700 2922 

2698
2693 2703 2699 

2699
2692 2696 2698 

2700
2697 2707 2701 

2701
2700 2702 2706 

2702
2701 2781 2703 

2703
2698 2702 2780 

2704
2707 2747 2705 

2705
2704 2708 2746 

2706
2701 2711 2707 

2707
2700 2704 2706 

2708
2705 2715 2709 

2709
2708 2710 2714 

2710
2709 2757 2711 

2711
2706 2710 2756 

2712
2715 2739 2713 

2713
2712 2716 2738 

2714
2709 2719 2715 

2715
2708 2712 2714 

2716
1095 2713 2717 

2717
1094 2716 2718 

2718
2717 2721 2719 

2719
2714 2718 2720 

2720
2719 2723 2721 

2721
2718 2720 2724 

2722
2727 2761 2723 

2723
2720 2722 2760 

2724
1063 2721 2725 

2725
1062 2724 2726 

2726
2725 2729 2727 

2727
2722 2726 2728 

2728
2727 2731 2729 

2729
2726 2728 2732 

2730
2735 2749 2731 

2731
2728 2730 2748 

2732
1027 2729 2733 

2733
1026 2732 2734 

2734
7 2733 2735 

2735
6 2730 2734 

2736
1127 2741 2737 

2737
1126 2736 2738 

2738
2713 2737 2739 

2739
2712 2738 2742 

2740
2743 2801 2741 

2741
2736 2740 2800 

2742
2739 2745 2743 

2743
2740 2742 2744 

2744
2743 2765 2745 

2745
2742 2744 2746 

2746
2705 2745 2747 

2747
2704 2746 2766 

2748
2731 2753 2749 

2749
2730 2748 2750 

2750
15 2749 2751 

2751
14 2750 2754 

2752
2755 2763 2753 

2753
2748 2752 2762 

2754
2751 2769 2755 

2755
2752 2754 2768 

2756
2711 2759 2757 

2757
2710 2756 2760 

2758
2763 2777 2759 

2759
2756 2758 2776 

2760
2723 2757 2761 

2761
2722 2760 2762 

2762
2753 2761 2763 

2763
2752 2758 2762 

2764
2767 2809 2765 

2765
2744 2764 2808 

2766
2747 2921 2767 

2767
2764 2766 2920 

2768
2755 2773 2769 

2769
2754 2768 2770 

2770
23 2769 2771 

2771
22 2770 2774 

2772
2775 2779 2773 

2773
2768 2772 2778 

2774
2771 2785 2775 

2775
2772 2774 2784 

2776
2759 2781 2777 

2777
2758 2776 2778 

2778
2773 2777 2779 

2779
2772 2778 2782 

2780
2703 2783 2781 

2781
2702 2776 2780 

2782
2779 2793 2783 

2783
2780 2782 2792 

2784
2775 2789 2785 

2785
2774 2784 2786 

2786
31 2785 2787 

2787
30 2786 2790 

2788
2791 2795 2789 

2789
2784 2788 2794 

2790
2589 2787 2791 

2791
2588 2788 2790 

2792
2783 2797 2793 

2793
2782 2792 2794 

2794
2789 2793 2795 

2795
2788 2794 2798 

2796
2695 2799 2797 

2797
2694 2792 2796 

2798
2621 2795 2799 

2799
2620 2796 2798 

2800
2741 2803 2801 

2801
2740 2800 2804 

2802
1461 2807 2803 

2803
1460 2800 2802 

2804
2801 2811 2805 

2805
2804 2806 2810 

2806
2805 2813 2807 

2807
2802 2806 2812 

2808
2765 2811 2809 

2809
2764 2808 2940 

2810
2805 2943 2811 

2811
2804 2808 2810 

2812
2807 2815 2813 

2813
2806 2812 2816 

2814
1453 2819 2815 

2815
1452 2812 2814 

2816
2813 2887 2817 

2817
2816 2818 2886 

2818
2817 2821 2819 

2819
2814 2818 2820 

2820
2819 2823 2821 

2821
2818 2820 2824 

2822
1441 2827 2823 

2823
1440 2820 2822 

2824
2821 2863 2825 

2825
2824 2826 2862 

2826
2825 2829 2827 

2827
2822 2826 2828 

2828
2827 2831 2829 

2829
2826 2828 2832 

2830
1437 2835 2831 

2831
1436 2828 2830 

2832
2829 2839 2833 

2833
2832 2834 2838 

2834
515 2833 2835 

2835
514 2830 2834 

2836
2839 2867 2837 

2837
2836 2840 2866 

2838
2833 2843 2839 

2839
2832 2836 2838 

2840
2837 2847 2841 

2841
2840 2842 2846 

2842
551 2841 2843 

2843
550 2838 2842 

2844
2847 2875 2845 

2845
2844 2848 2874 

2846
2841 2851 2847 

2847
2840 2844 2846 

2848
2845 2855 2849 

2849
2848 2850 2854 

2850
583 2849 2851 

2851
582 2846 2850 

2852
2855 2883 2853 

2853
2852 2856 2882 

2854
2849 2859 2855 

2855
2848 2852 2854 

2856
2853 2947 2857 

2857
2856 2858 2946 

2858
615 2857 2859 

2859
614 2854 2858 

2860
2863 2891 2861 

2861
2860 2864 2890 

2862
2825 2867 2863 

2863
2824 2860 2862 

2864
2861 2871 2865 

2865
2864 2866 2870 

2866
2837 2865 2867 

2867
2836 2862 2866 

2868
2871 2899 2869 

2869
2868 2872 2898 

2870
2865 2875 2871 

2871
2864 2868 2870 

2872
2869 2879 2873 

2873
2872 2874 2878 

2874
2845 2873 2875 

2875
2844 2870 2874 

2876
2879 2907 2877 

2877
2876 2880 2906 

2878
2873 2883 2879 

2879
2872 2876 2878 

2880
2877 3055 2881 

2881
2880 2882 3054 

2882
2853 2881 2883 

2883
2852 2878 2882 

2884
2887 2943 2885 

2885
2884 2888 2942 

2886
2817 2891 2887 

2887
2816 2884 2886 

2888
2885 2895 2889 

2889
2888 2890 2894 

2890
2861 2889 2891 

2891
2860 2886 2890 

2892
2895 2911 2893 

2893
2892 2896 2910 

2894
2889 2899 2895 

2895
2888 2892 2894 

2896
2893 2903 2897 

2897
2896 2898 2902 

2898
2869 2897 2899 

2899
2868 2894 2898 

2900
2903 2939 2901 

2901
2900 2904 2938 

2902
2897 2907 2903 

2903
2896 2900 2902 

2904
2901 3063 2905 

2905
2904 2906 3062 

2906
2877 2905 2907 

2907
2876 2902 2906 

2908
2913 2935 2909 

2909
2908 2910 2934 

2910
2893 2909 2911 

2911
2892 2910 2914 

2912
2915 2917 2913 

2913
2908 2912 2916 

2914
2911 2941 2915 

2915
2912 2914 2940 

2916
2913 2919 2917 

2917
2912 2916 2920 

2918
2923 2925 2919 

2919
2916 2918 2924 

2920
2767 2917 2921 

2921
2766 2920 2922 

2922
2697 2921 2923 

2923
2696 2918 2922 

2924
2919 2929 2925 

2925
2918 2924 2926 

2926
2689 2925 2927 

2927
2688 2926 2930 

2928
2931 2933 2929 

2929
2924 2928 2932 

2930
2685 2927 2931 

2931
2684 2928 2930 

2932
2929 2935 2933 

2933
2928 2932 2936 

2934
2909 2939 2935 

2935
2908 2932 2934 

2936
2933 3071 2937 

2937
2936 2938 3070 

2938
2901 2937 2939 

2939
2900 2934 2938 

2940
2809 2915 2941 

2941
2914 2940 2942 

2942
2885 2941 2943 

2943
2810 2884 2942 

2944
2947 3051 2945 

2945
2944 2948 3050 

2946
2857 2951 2947 

2947
2856 2944 2946 

2948
2945 2955 2949 

2949
2948 2950 2954 

2950
921 2949 2951 

2951
920 2946 2950 

2952
2955 3015 2953 

2953
2952 2956 3014 

2954
2949 2959 2955 

2955
2948 2952 2954 

2956
2953 2963 2957 

2957
2956 2958 2962 

2958
913 2957 2959 

2959
912 2954 2958 

2960
2963 2987 2961 

2961
2960 2964 2986 

2962
2957 2967 2963 

2963
2956 2960 2962 

2964
2961 2971 2965 

2965
2964 2966 2970 

2966
905 2965 2967 

2967
904 2962 2966 

2968
2971 2979 2969 

2969
2968 2972 2978 

2970
2965 2975 2971 

2971
2964 2968 2970 

2972
2459 2969 2973 

2973
2458 2972 2974 

2974
901 2973 2975 

2975
900 2970 2974 

2976
2451 2981 2977 

2977
2450 2976 2978 

2978
2969 2977 2979 

2979
2968 2978 2982 

2980
2983 2991 2981 

2981
2976 2980 2990 

2982
2979 2985 2983 

2983
2980 2982 2984 

2984
2983 3005 2985 

2985
2982 2984 2986 

2986
2961 2985 2987 

2987
2960 2986 3006 

2988
2443 2993 2989 

2989
2442 2988 2990 

2990
2981 2989 2991 

2991
2980 2990 2994 

2992
2995 2999 2993 

2993
2988 2992 2998 

2994
2991 3009 2995 

2995
2992 2994 3008 

2996
2559 3001 2997 

2997
2558 2996 2998 

2998
2993 2997 2999 

2999
2992 2998 3002 

3000
2661 3003 3001 

3001
2660 2996 3000 

3002
2999 3021 3003 

3003
3000 3002 3020 

3004
3007 3011 3005 

3005
2984 3004 3010 

3006
2987 3013 3007 

3007
3004 3006 3012 

3008
2995 3017 3009 

3009
2994 3008 3010 

3010
3005 3009 3011 

3011
3004 3010 3018 

3012
3007 3033 3013 

3013
3006 3012 3014 

3014
2953 3013 3015 

3015
2952 3014 3034 

3016
3019 3023 3017 

3017
3008 3016 3022 

3018
3011 3029 3019 

3019
3016 3018 3028 

3020
3003 3025 3021 

3021
3002 3020 3022 

3022
3017 3021 3023 

3023
3016 3022 3026 

3024
2665 3027 3025 

3025
2664 3020 3024 

3026
3023 3041 3027 

3027
3024 3026 3040 

3028
3019 3037 3029 

3029
3018 3028 3030 

3030
3029 3033 3031 

3031
3030 3038 3032 

3032
3031 3035 3033 

3033
3012 3030 3032 

3034
3015 3049 3035 

3035
3032 3034 3048 

3036
3039 3043 3037 

3037
3028 3036 3042 

3038
3031 3057 3039 

3039
3036 3038 3056 

3040
3027 3045 3041 

3041
3026 3040 3042 

3042
3037 3041 3043 

3043
3036 3042 3046 

3044
2673 3047 3045 

3045
2672 3040 3044 

3046
3043 3065 3047 

3047
3044 3046 3064 

3048
3035 3053 3049 

3049
3034 3048 3050 

3050
2945 3049 3051 

3051
2944 3050 3054 

3052
3055 3059 3053 

3053
3048 3052 3058 

3054
2881 3051 3055 

3055
2880 3052 3054 

3056
3039 3061 3057 

3057
3038 3056 3058 

3058
3053 3057 3059 

3059
3052 3058 3062 

3060
3063 3067 3061 

3061
3056 3060 3066 

3062
2905 3059 3063 

3063
2904 3060 3062 

3064
3047 3069 3065 

3065
3046 3064 3066 

3066
3061 3065 3067 

3067
3060 3066 3070 

3068
2681 3071 3069 

3069
2680 3064 3068 

3070
2937 3067 3071 

3071
2936 3068 3070 

