0
17 2 1 

1
0 515 3 

2
0 5 3 

3
1 2 1367 

4
23 6 5 

5
2 4 7 

6
4 9 7 

7
5 6 1375 

8
27 10 9 

9
6 8 11 

10
8 13 11 

11
9 10 1385 

12
31 14 13 

13
10 12 15 

14
12 115 15 

15
13 14 1393 

16
21 17 18 

17
0 16 19 

18
16 33 19 

19
17 18 519 

20
39 22 21 

21
16 20 23 

22
20 25 23 

23
4 21 22 

24
43 26 25 

25
22 24 27 

26
24 29 27 

27
8 25 26 

28
47 30 29 

29
26 28 31 

30
28 119 31 

31
12 29 30 

32
37 33 34 

33
18 32 35 

34
32 49 35 

35
33 34 523 

36
55 38 37 

37
32 36 39 

38
36 41 39 

39
20 37 38 

40
59 42 41 

41
38 40 43 

42
40 45 43 

43
24 41 42 

44
63 46 45 

45
42 44 47 

46
44 65 47 

47
28 45 46 

48
53 49 50 

49
34 48 51 

50
48 218 51 

51
49 50 527 

52
230 54 53 

53
48 52 55 

54
52 57 55 

55
36 53 54 

56
248 58 57 

57
54 56 59 

58
56 61 59 

59
40 57 58 

60
252 62 61 

61
58 60 63 

62
60 127 63 

63
44 61 62 

64
125 66 65 

65
46 64 67 

66
64 69 67 

67
65 66 118 

68
123 70 69 

69
66 68 71 

70
68 73 71 

71
69 70 110 

72
93 74 73 

73
70 72 75 

74
72 77 75 

75
73 74 98 

76
89 78 77 

77
74 76 79 

78
76 1185 79 

79
77 78 80 

80
79 82 81 

81
80 100 83 

82
80 1169 83 

83
81 82 84 

84
83 86 85 

85
84 94 87 

86
84 1155 87 

87
85 86 1283 

88
1201 89 90 

89
76 88 91 

90
88 178 91 

91
89 90 92 

92
91 93 102 

93
72 92 103 

94
85 95 96 

95
94 1287 97 

96
94 101 97 

97
95 96 104 

98
75 100 99 

99
98 108 101 

100
81 98 101 

101
96 99 100 

102
92 180 103 

103
93 102 122 

104
97 105 106 

105
104 1291 107 

106
104 109 107 

107
105 106 112 

108
99 109 110 

109
106 108 111 

110
71 108 111 

111
109 110 116 

112
107 113 114 

113
112 1295 115 

114
112 117 115 

115
14 113 114 

116
111 117 118 

117
114 116 119 

118
67 116 119 

119
30 117 118 

120
184 122 121 

121
120 124 123 

122
103 120 123 

123
68 121 122 

124
121 125 126 

125
64 124 127 

126
124 188 127 

127
62 125 126 

128
145 130 129 

129
128 1027 131 

130
128 133 131 

131
129 130 855 

132
151 134 133 

133
130 132 135 

134
132 137 135 

135
133 134 863 

136
155 138 137 

137
134 136 139 

138
136 141 139 

139
137 138 873 

140
159 142 141 

141
138 140 143 

142
140 243 143 

143
141 142 881 

144
149 145 146 

145
128 144 147 

146
144 161 147 

147
145 146 1031 

148
167 150 149 

149
144 148 151 

150
148 153 151 

151
132 149 150 

152
171 154 153 

153
150 152 155 

154
152 157 155 

155
136 153 154 

156
175 158 157 

157
154 156 159 

158
156 247 159 

159
140 157 158 

160
165 161 162 

161
146 160 163 

162
160 177 163 

163
161 162 1035 

164
183 166 165 

165
160 164 167 

166
164 169 167 

167
148 165 166 

168
187 170 169 

169
166 168 171 

170
168 173 171 

171
152 169 170 

172
191 174 173 

173
170 172 175 

174
172 193 175 

175
156 173 174 

176
181 177 178 

177
162 176 179 

178
90 176 179 

179
177 178 1039 

180
102 182 181 

181
176 180 183 

182
180 185 183 

183
164 181 182 

184
120 186 185 

185
182 184 187 

186
184 189 187 

187
168 185 186 

188
126 190 189 

189
186 188 191 

190
188 253 191 

191
172 189 190 

192
255 194 193 

193
174 192 195 

194
192 197 195 

195
193 194 246 

196
251 198 197 

197
194 196 199 

198
196 201 199 

199
197 198 238 

200
221 202 201 

201
198 200 203 

202
200 205 203 

203
201 202 226 

204
217 206 205 

205
202 204 207 

206
204 617 207 

207
205 206 208 

208
207 210 209 

209
208 228 211 

210
208 607 211 

211
209 210 212 

212
211 214 213 

213
212 222 215 

214
212 599 215 

215
213 214 771 

216
625 217 218 

217
204 216 219 

218
50 216 219 

219
217 218 220 

220
219 221 230 

221
200 220 231 

222
213 223 224 

223
222 775 225 

224
222 229 225 

225
223 224 232 

226
203 228 227 

227
226 236 229 

228
209 226 229 

229
224 227 228 

230
52 220 231 

231
221 230 250 

232
225 233 234 

233
232 779 235 

234
232 237 235 

235
233 234 240 

236
227 237 238 

237
234 236 239 

238
199 236 239 

239
237 238 244 

240
235 241 242 

241
240 783 243 

242
240 245 243 

243
142 241 242 

244
239 245 246 

245
242 244 247 

246
195 244 247 

247
158 245 246 

248
56 250 249 

249
248 254 251 

250
231 248 251 

251
196 249 250 

252
60 254 253 

253
190 252 255 

254
249 252 255 

255
192 253 254 

256
273 258 257 

257
256 1417 259 

258
256 261 259 

259
257 258 719 

260
279 262 261 

261
258 260 263 

262
260 265 263 

263
261 262 715 

264
283 266 265 

265
262 264 267 

266
264 269 267 

267
265 266 711 

268
287 270 269 

269
266 268 271 

270
268 371 271 

271
269 270 707 

272
277 273 274 

273
256 272 275 

274
272 289 275 

275
273 274 1421 

276
295 278 277 

277
272 276 279 

278
276 281 279 

279
260 277 278 

280
299 282 281 

281
278 280 283 

282
280 285 283 

283
264 281 282 

284
303 286 285 

285
282 284 287 

286
284 375 287 

287
268 285 286 

288
293 289 290 

289
274 288 291 

290
288 305 291 

291
289 290 1425 

292
311 294 293 

293
288 292 295 

294
292 297 295 

295
276 293 294 

296
315 298 297 

297
294 296 299 

298
296 301 299 

299
280 297 298 

300
319 302 301 

301
298 300 303 

302
300 321 303 

303
284 301 302 

304
309 305 306 

305
290 304 307 

306
304 462 307 

307
305 306 1429 

308
478 310 309 

309
304 308 311 

310
308 313 311 

311
292 309 310 

312
494 314 313 

313
310 312 315 

314
312 317 315 

315
296 313 314 

316
510 318 317 

317
314 316 319 

318
316 441 319 

319
300 317 318 

320
439 322 321 

321
302 320 323 

322
320 325 323 

323
321 322 374 

324
437 326 325 

325
322 324 327 

326
324 329 327 

327
325 326 366 

328
349 330 329 

329
326 328 331 

330
328 333 331 

331
329 330 354 

332
345 334 333 

333
330 332 335 

334
332 967 335 

335
333 334 336 

336
335 338 337 

337
336 356 339 

338
336 971 339 

339
337 338 340 

340
339 342 341 

341
340 350 343 

342
340 975 343 

343
341 342 649 

344
963 345 346 

345
332 344 347 

346
344 376 347 

347
345 346 348 

348
347 349 358 

349
328 348 359 

350
341 351 352 

351
350 653 353 

352
350 357 353 

353
351 352 360 

354
331 356 355 

355
354 364 357 

356
337 354 357 

357
352 355 356 

358
348 380 359 

359
349 358 436 

360
353 361 362 

361
360 657 363 

362
360 365 363 

363
361 362 368 

364
355 365 366 

365
362 364 367 

366
327 364 367 

367
365 366 372 

368
363 369 370 

369
368 661 371 

370
368 373 371 

371
270 369 370 

372
367 373 374 

373
370 372 375 

374
323 372 375 

375
286 373 374 

376
346 378 377 

377
376 917 379 

378
376 381 379 

379
377 378 382 

380
358 442 381 

381
378 380 443 

382
379 384 383 

383
382 913 385 

384
382 419 385 

385
383 384 386 

386
385 388 387 

387
386 909 389 

388
386 407 389 

389
387 388 390 

390
389 392 391 

391
390 905 393 

392
390 395 393 

393
391 392 1103 

394
409 396 395 

395
392 394 397 

396
394 399 397 

397
395 396 1105 

398
413 400 399 

399
396 398 401 

400
398 403 401 

401
399 400 1121 

402
417 404 403 

403
400 402 405 

404
402 499 405 

405
403 404 1137 

406
421 408 407 

407
388 406 409 

408
406 411 409 

409
394 407 408 

410
425 412 411 

411
408 410 413 

412
410 415 413 

413
398 411 412 

414
429 416 415 

415
412 414 417 

416
414 503 417 

417
402 415 416 

418
443 420 419 

419
384 418 421 

420
418 423 421 

421
406 419 420 

422
431 424 423 

423
420 422 425 

424
422 427 425 

425
410 423 424 

426
447 428 427 

427
424 426 429 

428
426 507 429 

429
414 427 428 

430
445 431 432 

431
422 430 433 

432
430 434 433 

433
431 432 442 

434
432 436 435 

435
434 438 437 

436
359 434 437 

437
324 435 436 

438
435 439 440 

439
320 438 441 

440
438 444 441 

441
318 439 440 

442
380 433 443 

443
381 418 442 

444
440 446 445 

445
430 444 447 

446
444 511 447 

447
426 445 446 

448
453 450 449 

449
448 464 451 

450
448 1487 451 

451
449 450 1231 

452
1483 453 454 

453
448 452 455 

454
452 457 455 

455
453 454 468 

456
1479 457 458 

457
454 456 459 

458
456 461 459 

459
457 458 472 

460
1475 461 462 

461
458 460 463 

462
306 460 463 

463
461 462 476 

464
449 465 466 

465
464 1235 467 

466
464 469 467 

467
465 466 480 

468
455 469 470 

469
466 468 471 

470
468 473 471 

471
469 470 484 

472
459 473 474 

473
470 472 475 

474
472 477 475 

475
473 474 488 

476
463 477 478 

477
474 476 479 

478
308 476 479 

479
477 478 492 

480
467 481 482 

481
480 1239 483 

482
480 485 483 

483
481 482 496 

484
471 485 486 

485
482 484 487 

486
484 489 487 

487
485 486 500 

488
475 489 490 

489
486 488 491 

490
488 493 491 

491
489 490 504 

492
479 493 494 

493
490 492 495 

494
312 492 495 

495
493 494 508 

496
483 497 498 

497
496 1243 499 

498
496 501 499 

499
404 497 498 

500
487 501 502 

501
498 500 503 

502
500 505 503 

503
416 501 502 

504
491 505 506 

505
502 504 507 

506
504 509 507 

507
428 505 506 

508
495 509 510 

509
506 508 511 

510
316 508 511 

511
446 509 510 

512
529 514 513 

513
512 1366 515 

514
512 517 515 

515
1 513 514 

516
535 518 517 

517
514 516 519 

518
516 521 519 

519
19 517 518 

520
539 522 521 

521
518 520 523 

522
520 525 523 

523
35 521 522 

524
543 526 525 

525
522 524 527 

526
524 627 527 

527
51 525 526 

528
533 529 530 

529
512 528 531 

530
528 545 531 

531
529 530 1362 

532
551 534 533 

533
528 532 535 

534
532 537 535 

535
516 533 534 

536
555 538 537 

537
534 536 539 

538
536 541 539 

539
520 537 538 

540
559 542 541 

541
538 540 543 

542
540 631 543 

543
524 541 542 

544
549 545 546 

545
530 544 547 

546
544 561 547 

547
545 546 1358 

548
567 550 549 

549
544 548 551 

550
548 553 551 

551
532 549 550 

552
571 554 553 

553
550 552 555 

554
552 557 555 

555
536 553 554 

556
575 558 557 

557
554 556 559 

558
556 577 559 

559
540 557 558 

560
565 561 562 

561
546 560 563 

562
560 732 563 

563
561 562 1368 

564
744 566 565 

565
560 564 567 

566
564 569 567 

567
548 565 566 

568
754 570 569 

569
566 568 571 

570
568 573 571 

571
552 569 570 

572
766 574 573 

573
570 572 575 

574
572 697 575 

575
556 573 574 

576
695 578 577 

577
558 576 579 

578
576 581 579 

579
577 578 630 

580
693 582 581 

581
578 580 583 

582
580 585 583 

583
581 582 622 

584
605 586 585 

585
582 584 587 

586
584 589 587 

587
585 586 610 

588
601 590 589 

589
586 588 591 

590
588 803 591 

591
589 590 592 

592
591 594 593 

593
592 612 595 

594
592 787 595 

595
593 594 596 

596
595 598 597 

597
596 606 599 

598
596 769 599 

599
214 597 598 

600
819 601 602 

601
588 600 603 

602
600 632 603 

603
601 602 604 

604
603 605 614 

605
584 604 615 

606
597 607 608 

607
210 606 609 

608
606 613 609 

609
607 608 616 

610
587 612 611 

611
610 620 613 

612
593 610 613 

613
608 611 612 

614
604 636 615 

615
605 614 692 

616
609 617 618 

617
206 616 619 

618
616 621 619 

619
617 618 624 

620
611 621 622 

621
618 620 623 

622
583 620 623 

623
621 622 628 

624
619 625 626 

625
216 624 627 

626
624 629 627 

627
526 625 626 

628
623 629 630 

629
626 628 631 

630
579 628 631 

631
542 629 630 

632
602 634 633 

633
632 986 635 

634
632 637 635 

635
633 634 638 

636
614 702 637 

637
634 636 703 

638
635 640 639 

639
638 982 641 

640
638 675 641 

641
639 640 642 

642
641 644 643 

643
642 976 645 

644
642 663 645 

645
643 644 646 

646
645 648 647 

647
646 974 649 

648
646 651 649 

649
343 647 648 

650
665 652 651 

651
648 650 653 

652
650 655 653 

653
351 651 652 

654
669 656 655 

655
652 654 657 

656
654 659 657 

657
361 655 656 

658
673 660 659 

659
656 658 661 

660
658 705 661 

661
369 659 660 

662
677 664 663 

663
644 662 665 

664
662 667 665 

665
650 663 664 

666
681 668 667 

667
664 666 669 

668
666 671 669 

669
654 667 668 

670
685 672 671 

671
668 670 673 

672
670 759 673 

673
658 671 672 

674
703 676 675 

675
640 674 677 

676
674 679 677 

677
662 675 676 

678
687 680 679 

679
676 678 681 

680
678 683 681 

681
666 679 680 

682
701 684 683 

683
680 682 685 

684
682 763 685 

685
670 683 684 

686
699 687 688 

687
678 686 689 

688
686 690 689 

689
687 688 702 

690
688 692 691 

691
690 694 693 

692
615 690 693 

693
580 691 692 

694
691 695 696 

695
576 694 697 

696
694 698 697 

697
574 695 696 

698
696 700 699 

699
686 698 701 

700
698 767 701 

701
682 699 700 

702
636 689 703 

703
637 674 702 

704
757 706 705 

705
660 704 707 

706
704 709 707 

707
271 705 706 

708
739 710 709 

709
706 708 711 

710
708 713 711 

711
267 709 710 

712
725 714 713 

713
710 712 715 

714
712 717 715 

715
263 713 714 

716
721 718 717 

717
714 716 719 

718
716 1415 719 

719
259 717 718 

720
1411 721 722 

721
716 720 723 

722
720 727 723 

723
721 722 724 

724
723 725 734 

725
712 724 735 

726
1407 727 728 

727
722 726 729 

728
726 731 729 

729
727 728 736 

730
1401 731 732 

731
728 730 733 

732
562 730 733 

733
731 732 742 

734
724 737 735 

735
725 734 738 

736
729 737 740 

737
734 736 741 

738
735 739 748 

739
708 738 749 

740
736 743 741 

741
737 740 746 

742
733 743 744 

743
740 742 745 

744
564 742 745 

745
743 744 752 

746
741 747 750 

747
746 748 751 

748
738 747 749 

749
739 748 756 

750
746 753 751 

751
747 750 760 

752
745 753 754 

753
750 752 755 

754
568 752 755 

755
753 754 764 

756
749 757 758 

757
704 756 759 

758
756 761 759 

759
672 757 758 

760
751 761 762 

761
758 760 763 

762
760 765 763 

763
684 761 762 

764
755 765 766 

765
762 764 767 

766
572 764 767 

767
700 765 766 

768
785 770 769 

769
598 768 771 

770
768 773 771 

771
215 769 770 

772
791 774 773 

773
770 772 775 

774
772 777 775 

775
223 773 774 

776
795 778 777 

777
774 776 779 

778
776 781 779 

779
233 777 778 

780
799 782 781 

781
778 780 783 

782
780 883 783 

783
241 781 782 

784
789 785 786 

785
768 784 787 

786
784 801 787 

787
594 785 786 

788
807 790 789 

789
784 788 791 

790
788 793 791 

791
772 789 790 

792
811 794 793 

793
790 792 795 

794
792 797 795 

795
776 793 794 

796
815 798 797 

797
794 796 799 

798
796 887 799 

799
780 797 798 

800
805 801 802 

801
786 800 803 

802
800 817 803 

803
590 801 802 

804
823 806 805 

805
800 804 807 

806
804 809 807 

807
788 805 806 

808
827 810 809 

809
806 808 811 

810
808 813 811 

811
792 809 810 

812
831 814 813 

813
810 812 815 

814
812 833 815 

815
796 813 814 

816
821 817 818 

817
802 816 819 

818
816 988 819 

819
600 817 818 

820
1000 822 821 

821
816 820 823 

822
820 825 823 

823
804 821 822 

824
1010 826 825 

825
822 824 827 

826
824 829 827 

827
808 825 826 

828
1022 830 829 

829
826 828 831 

830
828 953 831 

831
812 829 830 

832
951 834 833 

833
814 832 835 

834
832 837 835 

835
833 834 886 

836
949 838 837 

837
834 836 839 

838
836 841 839 

839
837 838 878 

840
861 842 841 

841
838 840 843 

842
840 845 843 

843
841 842 866 

844
857 846 845 

845
842 844 847 

846
844 1059 847 

847
845 846 848 

848
847 850 849 

849
848 868 851 

850
848 1043 851 

851
849 850 852 

852
851 854 853 

853
852 862 855 

854
852 1025 855 

855
131 853 854 

856
1075 857 858 

857
844 856 859 

858
856 888 859 

859
857 858 860 

860
859 861 870 

861
840 860 871 

862
853 863 864 

863
135 862 865 

864
862 869 865 

865
863 864 872 

866
843 868 867 

867
866 876 869 

868
849 866 869 

869
864 867 868 

870
860 892 871 

871
861 870 948 

872
865 873 874 

873
139 872 875 

874
872 877 875 

875
873 874 880 

876
867 877 878 

877
874 876 879 

878
839 876 879 

879
877 878 884 

880
875 881 882 

881
143 880 883 

882
880 885 883 

883
782 881 882 

884
879 885 886 

885
882 884 887 

886
835 884 887 

887
798 885 886 

888
858 890 889 

889
888 1090 891 

890
888 893 891 

891
889 890 894 

892
870 958 893 

893
890 892 959 

894
891 896 895 

895
894 1094 897 

896
894 931 897 

897
895 896 898 

898
897 900 899 

899
898 1098 901 

900
898 919 901 

901
899 900 902 

902
901 904 903 

903
902 1102 905 

904
902 907 905 

905
391 903 904 

906
921 908 907 

907
904 906 909 

908
906 911 909 

909
387 907 908 

910
925 912 911 

911
908 910 913 

912
910 915 913 

913
383 911 912 

914
929 916 915 

915
912 914 917 

916
914 961 917 

917
377 915 916 

918
933 920 919 

919
900 918 921 

920
918 923 921 

921
906 919 920 

922
937 924 923 

923
920 922 925 

924
922 927 925 

925
910 923 924 

926
941 928 927 

927
924 926 929 

928
926 1015 929 

929
914 927 928 

930
959 932 931 

931
896 930 933 

932
930 935 933 

933
918 931 932 

934
943 936 935 

935
932 934 937 

936
934 939 937 

937
922 935 936 

938
957 940 939 

939
936 938 941 

940
938 1019 941 

941
926 939 940 

942
955 943 944 

943
934 942 945 

944
942 946 945 

945
943 944 958 

946
944 948 947 

947
946 950 949 

948
871 946 949 

949
836 947 948 

950
947 951 952 

951
832 950 953 

952
950 954 953 

953
830 951 952 

954
952 956 955 

955
942 954 957 

956
954 1023 957 

957
938 955 956 

958
892 945 959 

959
893 930 958 

960
1013 962 961 

961
916 960 963 

962
960 965 963 

963
344 961 962 

964
995 966 965 

965
962 964 967 

966
964 969 967 

967
334 965 966 

968
981 970 969 

969
966 968 971 

970
968 973 971 

971
338 969 970 

972
977 974 973 

973
970 972 975 

974
647 972 975 

975
342 973 974 

976
643 977 978 

977
972 976 979 

978
976 983 979 

979
977 978 980 

980
979 981 990 

981
968 980 991 

982
639 983 984 

983
978 982 985 

984
982 987 985 

985
983 984 992 

986
633 987 988 

987
984 986 989 

988
818 986 989 

989
987 988 998 

990
980 993 991 

991
981 990 994 

992
985 993 996 

993
990 992 997 

994
991 995 1004 

995
964 994 1005 

996
992 999 997 

997
993 996 1002 

998
989 999 1000 

999
996 998 1001 

1000
820 998 1001 

1001
999 1000 1008 

1002
997 1003 1006 

1003
1002 1004 1007 

1004
994 1003 1005 

1005
995 1004 1012 

1006
1002 1009 1007 

1007
1003 1006 1016 

1008
1001 1009 1010 

1009
1006 1008 1011 

1010
824 1008 1011 

1011
1009 1010 1020 

1012
1005 1013 1014 

1013
960 1012 1015 

1014
1012 1017 1015 

1015
928 1013 1014 

1016
1007 1017 1018 

1017
1014 1016 1019 

1018
1016 1021 1019 

1019
940 1017 1018 

1020
1011 1021 1022 

1021
1018 1020 1023 

1022
828 1020 1023 

1023
956 1021 1022 

1024
1041 1026 1025 

1025
854 1024 1027 

1026
1024 1029 1027 

1027
129 1025 1026 

1028
1047 1030 1029 

1029
1026 1028 1031 

1030
1028 1033 1031 

1031
147 1029 1030 

1032
1051 1034 1033 

1033
1030 1032 1035 

1034
1032 1037 1035 

1035
163 1033 1034 

1036
1055 1038 1037 

1037
1034 1036 1039 

1038
1036 1203 1039 

1039
179 1037 1038 

1040
1045 1041 1042 

1041
1024 1040 1043 

1042
1040 1057 1043 

1043
850 1041 1042 

1044
1063 1046 1045 

1045
1040 1044 1047 

1046
1044 1049 1047 

1047
1028 1045 1046 

1048
1067 1050 1049 

1049
1046 1048 1051 

1050
1048 1053 1051 

1051
1032 1049 1050 

1052
1071 1054 1053 

1053
1050 1052 1055 

1054
1052 1207 1055 

1055
1036 1053 1054 

1056
1061 1057 1058 

1057
1042 1056 1059 

1058
1056 1073 1059 

1059
846 1057 1058 

1060
1079 1062 1061 

1061
1056 1060 1063 

1062
1060 1065 1063 

1063
1044 1061 1062 

1064
1083 1066 1065 

1065
1062 1064 1067 

1066
1064 1069 1067 

1067
1048 1065 1066 

1068
1087 1070 1069 

1069
1066 1068 1071 

1070
1068 1211 1071 

1071
1052 1069 1070 

1072
1077 1073 1074 

1073
1058 1072 1075 

1074
1072 1088 1075 

1075
856 1073 1074 

1076
1116 1078 1077 

1077
1072 1076 1079 

1078
1076 1081 1079 

1079
1060 1077 1078 

1080
1134 1082 1081 

1081
1078 1080 1083 

1082
1080 1085 1083 

1083
1064 1081 1082 

1084
1150 1086 1085 

1085
1082 1084 1087 

1086
1084 1215 1087 

1087
1068 1085 1086 

1088
1074 1090 1089 

1089
1088 1118 1091 

1090
889 1088 1091 

1091
1089 1090 1092 

1092
1091 1094 1093 

1093
1092 1112 1095 

1094
895 1092 1095 

1095
1093 1094 1096 

1096
1095 1098 1097 

1097
1096 1108 1099 

1098
899 1096 1099 

1099
1097 1098 1100 

1100
1099 1102 1101 

1101
1100 1104 1103 

1102
903 1100 1103 

1103
393 1101 1102 

1104
1101 1105 1106 

1105
397 1104 1107 

1106
1104 1109 1107 

1107
1105 1106 1120 

1108
1097 1109 1110 

1109
1106 1108 1111 

1110
1108 1113 1111 

1111
1109 1110 1124 

1112
1093 1113 1114 

1113
1110 1112 1115 

1114
1112 1119 1115 

1115
1113 1114 1128 

1116
1076 1118 1117 

1117
1116 1132 1119 

1118
1089 1116 1119 

1119
1114 1117 1118 

1120
1107 1121 1122 

1121
401 1120 1123 

1122
1120 1125 1123 

1123
1121 1122 1136 

1124
1111 1125 1126 

1125
1122 1124 1127 

1126
1124 1129 1127 

1127
1125 1126 1140 

1128
1115 1129 1130 

1129
1126 1128 1131 

1130
1128 1133 1131 

1131
1129 1130 1144 

1132
1117 1133 1134 

1133
1130 1132 1135 

1134
1080 1132 1135 

1135
1133 1134 1148 

1136
1123 1137 1138 

1137
405 1136 1139 

1138
1136 1141 1139 

1139
1137 1138 1242 

1140
1127 1141 1142 

1141
1138 1140 1143 

1142
1140 1145 1143 

1143
1141 1142 1254 

1144
1131 1145 1146 

1145
1142 1144 1147 

1146
1144 1149 1147 

1147
1145 1146 1266 

1148
1135 1149 1150 

1149
1146 1148 1151 

1150
1084 1148 1151 

1151
1149 1150 1276 

1152
1157 1154 1153 

1153
1152 1168 1155 

1154
1152 1281 1155 

1155
86 1153 1154 

1156
1299 1157 1158 

1157
1152 1156 1159 

1158
1156 1161 1159 

1159
1157 1158 1172 

1160
1315 1161 1162 

1161
1158 1160 1163 

1162
1160 1165 1163 

1163
1161 1162 1176 

1164
1331 1165 1166 

1165
1162 1164 1167 

1166
1164 1278 1167 

1167
1165 1166 1180 

1168
1153 1169 1170 

1169
82 1168 1171 

1170
1168 1173 1171 

1171
1169 1170 1184 

1172
1159 1173 1174 

1173
1170 1172 1175 

1174
1172 1177 1175 

1175
1173 1174 1188 

1176
1163 1177 1178 

1177
1174 1176 1179 

1178
1176 1181 1179 

1179
1177 1178 1192 

1180
1167 1181 1182 

1181
1178 1180 1183 

1182
1180 1216 1183 

1183
1181 1182 1196 

1184
1171 1185 1186 

1185
78 1184 1187 

1186
1184 1189 1187 

1187
1185 1186 1200 

1188
1175 1189 1190 

1189
1186 1188 1191 

1190
1188 1193 1191 

1191
1189 1190 1204 

1192
1179 1193 1194 

1193
1190 1192 1195 

1194
1192 1197 1195 

1195
1193 1194 1208 

1196
1183 1197 1198 

1197
1194 1196 1199 

1198
1196 1270 1199 

1199
1197 1198 1212 

1200
1187 1201 1202 

1201
88 1200 1203 

1202
1200 1205 1203 

1203
1038 1201 1202 

1204
1191 1205 1206 

1205
1202 1204 1207 

1206
1204 1209 1207 

1207
1054 1205 1206 

1208
1195 1209 1210 

1209
1206 1208 1211 

1210
1208 1213 1211 

1211
1070 1209 1210 

1212
1199 1213 1214 

1213
1210 1212 1215 

1214
1212 1274 1215 

1215
1086 1213 1214 

1216
1182 1268 1217 

1217
1216 1218 1269 

1218
1217 1219 1278 

1219
1218 1220 1279 

1220
1219 1222 1221 

1221
1220 1494 1223 

1222
1220 1259 1223 

1223
1221 1222 1224 

1224
1223 1226 1225 

1225
1224 1488 1227 

1226
1224 1245 1227 

1227
1225 1226 1228 

1228
1227 1230 1229 

1229
1228 1486 1231 

1230
1228 1233 1231 

1231
451 1229 1230 

1232
1247 1234 1233 

1233
1230 1232 1235 

1234
1232 1237 1235 

1235
465 1233 1234 

1236
1251 1238 1237 

1237
1234 1236 1239 

1238
1236 1241 1239 

1239
481 1237 1238 

1240
1255 1242 1241 

1241
1238 1240 1243 

1242
1139 1240 1243 

1243
497 1241 1242 

1244
1257 1246 1245 

1245
1226 1244 1247 

1246
1244 1249 1247 

1247
1232 1245 1246 

1248
1263 1250 1249 

1249
1246 1248 1251 

1250
1248 1253 1251 

1251
1236 1249 1250 

1252
1267 1254 1253 

1253
1250 1252 1255 

1254
1143 1252 1255 

1255
1240 1253 1254 

1256
1261 1257 1258 

1257
1244 1256 1259 

1258
1256 1269 1259 

1259
1222 1257 1258 

1260
1273 1262 1261 

1261
1256 1260 1263 

1262
1260 1265 1263 

1263
1248 1261 1262 

1264
1277 1266 1265 

1265
1262 1264 1267 

1266
1147 1264 1267 

1267
1252 1265 1266 

1268
1216 1271 1269 

1269
1217 1258 1268 

1270
1198 1272 1271 

1271
1268 1270 1273 

1272
1270 1275 1273 

1273
1260 1271 1272 

1274
1214 1276 1275 

1275
1272 1274 1277 

1276
1151 1274 1277 

1277
1264 1275 1276 

1278
1166 1218 1279 

1279
1219 1278 1498 

1280
1297 1282 1281 

1281
1154 1280 1283 

1282
1280 1285 1283 

1283
87 1281 1282 

1284
1303 1286 1285 

1285
1282 1284 1287 

1286
1284 1289 1287 

1287
95 1285 1286 

1288
1307 1290 1289 

1289
1286 1288 1291 

1290
1288 1293 1291 

1291
105 1289 1290 

1292
1311 1294 1293 

1293
1290 1292 1295 

1294
1292 1395 1295 

1295
113 1293 1294 

1296
1301 1297 1298 

1297
1280 1296 1299 

1298
1296 1313 1299 

1299
1156 1297 1298 

1300
1319 1302 1301 

1301
1296 1300 1303 

1302
1300 1305 1303 

1303
1284 1301 1302 

1304
1323 1306 1305 

1305
1302 1304 1307 

1306
1304 1309 1307 

1307
1288 1305 1306 

1308
1327 1310 1309 

1309
1306 1308 1311 

1310
1308 1399 1311 

1311
1292 1309 1310 

1312
1317 1313 1314 

1313
1298 1312 1315 

1314
1312 1329 1315 

1315
1160 1313 1314 

1316
1335 1318 1317 

1317
1312 1316 1319 

1318
1316 1321 1319 

1319
1300 1317 1318 

1320
1339 1322 1321 

1321
1318 1320 1323 

1322
1320 1325 1323 

1323
1304 1321 1322 

1324
1343 1326 1325 

1325
1322 1324 1327 

1326
1324 1345 1327 

1327
1308 1325 1326 

1328
1333 1329 1330 

1329
1314 1328 1331 

1330
1328 1500 1331 

1331
1164 1329 1330 

1332
1512 1334 1333 

1333
1328 1332 1335 

1334
1332 1337 1335 

1335
1316 1333 1334 

1336
1522 1338 1337 

1337
1334 1336 1339 

1338
1336 1341 1339 

1339
1320 1337 1338 

1340
1534 1342 1341 

1341
1338 1340 1343 

1342
1340 1465 1343 

1343
1324 1341 1342 

1344
1463 1346 1345 

1345
1326 1344 1347 

1346
1344 1349 1347 

1347
1345 1346 1398 

1348
1461 1350 1349 

1349
1346 1348 1351 

1350
1348 1353 1351 

1351
1349 1350 1390 

1352
1373 1354 1353 

1353
1350 1352 1355 

1354
1352 1357 1355 

1355
1353 1354 1378 

1356
1369 1358 1357 

1357
1354 1356 1359 

1358
547 1356 1359 

1359
1357 1358 1360 

1360
1359 1362 1361 

1361
1360 1380 1363 

1362
531 1360 1363 

1363
1361 1362 1364 

1364
1363 1366 1365 

1365
1364 1374 1367 

1366
513 1364 1367 

1367
3 1365 1366 

1368
563 1369 1370 

1369
1356 1368 1371 

1370
1368 1400 1371 

1371
1369 1370 1372 

1372
1371 1373 1382 

1373
1352 1372 1383 

1374
1365 1375 1376 

1375
7 1374 1377 

1376
1374 1381 1377 

1377
1375 1376 1384 

1378
1355 1380 1379 

1379
1378 1388 1381 

1380
1361 1378 1381 

1381
1376 1379 1380 

1382
1372 1404 1383 

1383
1373 1382 1460 

1384
1377 1385 1386 

1385
11 1384 1387 

1386
1384 1389 1387 

1387
1385 1386 1392 

1388
1379 1389 1390 

1389
1386 1388 1391 

1390
1351 1388 1391 

1391
1389 1390 1396 

1392
1387 1393 1394 

1393
15 1392 1395 

1394
1392 1397 1395 

1395
1294 1393 1394 

1396
1391 1397 1398 

1397
1394 1396 1399 

1398
1347 1396 1399 

1399
1310 1397 1398 

1400
1370 1402 1401 

1401
730 1400 1403 

1402
1400 1405 1403 

1403
1401 1402 1406 

1404
1382 1470 1405 

1405
1402 1404 1471 

1406
1403 1408 1407 

1407
726 1406 1409 

1408
1406 1443 1409 

1409
1407 1408 1410 

1410
1409 1412 1411 

1411
720 1410 1413 

1412
1410 1431 1413 

1413
1411 1412 1414 

1414
1413 1416 1415 

1415
718 1414 1417 

1416
1414 1419 1417 

1417
257 1415 1416 

1418
1433 1420 1419 

1419
1416 1418 1421 

1420
1418 1423 1421 

1421
275 1419 1420 

1422
1437 1424 1423 

1423
1420 1422 1425 

1424
1422 1427 1425 

1425
291 1423 1424 

1426
1441 1428 1427 

1427
1424 1426 1429 

1428
1426 1473 1429 

1429
307 1427 1428 

1430
1445 1432 1431 

1431
1412 1430 1433 

1432
1430 1435 1433 

1433
1418 1431 1432 

1434
1449 1436 1435 

1435
1432 1434 1437 

1436
1434 1439 1437 

1437
1422 1435 1436 

1438
1453 1440 1439 

1439
1436 1438 1441 

1440
1438 1527 1441 

1441
1426 1439 1440 

1442
1471 1444 1443 

1443
1408 1442 1445 

1444
1442 1447 1445 

1445
1430 1443 1444 

1446
1455 1448 1447 

1447
1444 1446 1449 

1448
1446 1451 1449 

1449
1434 1447 1448 

1450
1469 1452 1451 

1451
1448 1450 1453 

1452
1450 1531 1453 

1453
1438 1451 1452 

1454
1467 1455 1456 

1455
1446 1454 1457 

1456
1454 1458 1457 

1457
1455 1456 1470 

1458
1456 1460 1459 

1459
1458 1462 1461 

1460
1383 1458 1461 

1461
1348 1459 1460 

1462
1459 1463 1464 

1463
1344 1462 1465 

1464
1462 1466 1465 

1465
1342 1463 1464 

1466
1464 1468 1467 

1467
1454 1466 1469 

1468
1466 1535 1469 

1469
1450 1467 1468 

1470
1404 1457 1471 

1471
1405 1442 1470 

1472
1525 1474 1473 

1473
1428 1472 1475 

1474
1472 1477 1475 

1475
460 1473 1474 

1476
1507 1478 1477 

1477
1474 1476 1479 

1478
1476 1481 1479 

1479
456 1477 1478 

1480
1493 1482 1481 

1481
1478 1480 1483 

1482
1480 1485 1483 

1483
452 1481 1482 

1484
1489 1486 1485 

1485
1482 1484 1487 

1486
1229 1484 1487 

1487
450 1485 1486 

1488
1225 1489 1490 

1489
1484 1488 1491 

1490
1488 1495 1491 

1491
1489 1490 1492 

1492
1491 1493 1502 

1493
1480 1492 1503 

1494
1221 1495 1496 

1495
1490 1494 1497 

1496
1494 1499 1497 

1497
1495 1496 1504 

1498
1279 1499 1500 

1499
1496 1498 1501 

1500
1330 1498 1501 

1501
1499 1500 1510 

1502
1492 1505 1503 

1503
1493 1502 1506 

1504
1497 1505 1508 

1505
1502 1504 1509 

1506
1503 1507 1516 

1507
1476 1506 1517 

1508
1504 1511 1509 

1509
1505 1508 1514 

1510
1501 1511 1512 

1511
1508 1510 1513 

1512
1332 1510 1513 

1513
1511 1512 1520 

1514
1509 1515 1518 

1515
1514 1516 1519 

1516
1506 1515 1517 

1517
1507 1516 1524 

1518
1514 1521 1519 

1519
1515 1518 1528 

1520
1513 1521 1522 

1521
1518 1520 1523 

1522
1336 1520 1523 

1523
1521 1522 1532 

1524
1517 1525 1526 

1525
1472 1524 1527 

1526
1524 1529 1527 

1527
1440 1525 1526 

1528
1519 1529 1530 

1529
1526 1528 1531 

1530
1528 1533 1531 

1531
1452 1529 1530 

1532
1523 1533 1534 

1533
1530 1532 1535 

1534
1340 1532 1535 

1535
1468 1533 1534 

